0.000718689
0.000751186
0.00075999
0.000786619
0.000797952
0.000858983
0.000888129
0.00090076
0.000911855
0.000907946
0.000912667
0.000725866
0.000769488
0.000767325
0.000786488
0.000793472
0.000753418
0.000897976
0.000895483
0.000915341
0.000923736
0.000918023
0.000737752
0.000722896
0.000760809
0.0007848
0.000799287
0.000887526
0.000746809
0.000911708
0.000909395
0.000916949
0.000914618
0.000731214
0.000751802
0.000760103
0.000785295
0.000812148
0.000887156
0.000899119
0.000909272
0.000894
0.0009125
0.000917364
0.000726075
0.000752681
0.000752432
0.000794707
0.000808249
0.000867291
0.000884588
0.000893696
0.000898549
0.000917259
0.000933156
0.000732024
0.00076747
0.000758103
0.0007793
0.000800722
0.000896339
0.000889848
0.000904276
0.000912817
0.000926415
0.000921794
0.000732199
0.000772186
0.000736167
0.000785328
0.000794798
0.000899276
0.000900708
0.000901706
0.000907374
0.000909717
0.000914726
0.000728546
0.000750492
0.000749815
0.00077748
0.000788633
0.000893429
0.000886925
0.000895059
0.000907333
0.000905777
0.00091625
0.000738557
0.000759113
0.000760029
0.000780306
0.000819284
0.000902839
0.000902349
0.000921637
0.00090786
0.000919283
0.000925034
0.000734129
0.000761836
0.000753377
0.000787059
0.000784805
0.000892949
0.000893086
0.000900135
0.000918867
0.00092366
0.000916157
0.00073518
0.000720698
0.000764433
0.000783245
0.000809101
0.000888754
0.000882566
0.000907879
0.000916461
0.000924059
0.000925167
0.000750448
0.000781518
0.00076756
0.000808962
0.000749927
0.000901652
0.000886713
0.000910558
0.00092608
0.00093882
0.000927158
0.000737615
0.000789974
0.000785531
0.000821709
0.000819824
0.000901073
0.000908076
0.000921742
0.000923293
0.000919678
0.000927188
0.000766384
0.000733625
0.000777122
0.000790883
0.000823255
0.000911118
0.00091194
0.000935058
0.000929272
0.000928999
0.000929693
0.000745379
0.000806702
0.000816827
0.000836227
0.000857832
0.000897616
0.000899183
0.000922136
0.000912181
0.00092537
0.000908206
0.000750241
0.000844782
0.00075404
0.000844919
0.000861195
0.000901492
0.000878139
0.000909641
0.000898732
0.000913708
0.000920071
0.000752558
0.000854249
0.000830017
0.000770063
0.000864998
0.000894497
0.000890898
0.000906386
0.000929943
0.000918493
0.000919589
0.000763865
0.000833309
0.0008712
0.000848433
0.000896551
0.00090673
0.000897925
0.000922443
0.000937417
0.000936975
0.000937875
0.00073876
0.00086424
0.000845578
0.000872247
0.00087204
0.000881355
0.000900876
0.000925412
0.000916977
0.000924866
0.000962829
0.000819223
0.000907116
0.000916905
0.000918756
0.000921244
0.000940751
0.000935737
0.00096252
0.000953905
0.000969522
0.0009901
0.000880143
0.000958427
0.000958266
0.000979997
0.00096832
0.000986257
0.000982275
0.000987028
0.00100738
0.00105017
0.00109
0.000935967
0.00100179
0.00101123
0.00102037
0.00101402
0.00102041
0.00100593
0.00103676
0.00110689
0.00120613
0.00119149
0.000863037
0.00103999
0.00106647
0.00106125
0.00105564
0.001054
0.00109548
0.001231
0.00123431
0.00122956
0.00124247
0.00106628
0.00101702
0.00108433
0.00110023
0.00109469
0.001145
0.0012809
0.00127592
0.00127702
0.00129521
0.00130664
0.00110039
0.00112366
0.0011223
0.00112541
0.00113705
0.00114357
0.00130305
0.00132966
0.00132435
0.00133653
0.00137013
0.00115611
0.00116454
0.00115728
0.00118186
0.0012858
0.00135683
0.00135901
0.00136263
0.00136476
0.00140413
0.00148959
0.00118218
0.00119229
0.00120623
0.00134423
0.0013797
0.00139484
0.00140499
0.00138897
0.00142364
0.0015277
0.00158935
0.00122698
0.00122707
0.00124725
0.00142377
0.00142445
0.00145009
0.0014357
0.00149517
0.00154594
0.00161608
0.00162486
0.00161722
0.00179156
0.00181233
0.00199959
0.00202156
0.00216366
0.00223112
0.00221329
0.00228604
0.00237861
0.00242558
0.00217195
0.00230131
0.00244202
0.0025918
0.00267464
0.00280829
0.00299525
0.00304491
0.00317182
0.00321625
0.0033377
0.00227512
0.00247623
0.00268509
0.00293235
0.00309763
0.00329152
0.00348238
0.00366613
0.00375434
0.00396343
0.00409516
0.0026306
0.00292399
0.00323675
0.00347679
0.00361813
0.00384961
0.00402807
0.0041414
0.00429253
0.00449855
0.00464502
0.00292972
0.00330321
0.00367012
0.00394271
0.00355168
0.00439618
0.00400609
0.00477344
0.00497584
0.00521449
0.00538279
0.00285261
0.00372617
0.00406803
0.00456853
0.00472449
0.00432288
0.00520435
0.00480632
0.00504783
0.00533624
0.00609475
0.00376877
0.00419103
0.00414544
0.00514008
0.00524854
0.00543968
0.00521775
0.00541912
0.00616237
0.00583711
0.0060301
0.00353017
0.00413108
0.00512011
0.00512675
0.00520712
0.00543116
0.00582866
0.00599178
0.00674371
0.00644029
0.0066666
0.00390201
0.0043881
0.00501009
0.00559904
0.00623468
0.00650768
0.00628497
0.00637692
0.00660684
0.00693056
0.00715884
0.00646218
0.00750402
0.00873825
0.0098348
0.0100047
0.0104228
0.0108886
0.0112302
0.0120028
0.0118647
0.0123159
0.0129263
0.0149334
0.0167918
0.0190293
0.0193765
0.0201471
0.0212066
0.0224867
0.0228112
0.0231499
0.0239782
0.0188762
0.0219222
0.0255328
0.0276921
0.0287676
0.0306014
0.0320971
0.0324124
0.0330594
0.0349375
0.0356143
0.0247025
0.0287942
0.0336486
0.0381192
0.0388047
0.0403218
0.0425645
0.0436789
0.0446151
0.0456947
0.047249
0.0305801
0.0355364
0.0416899
0.0473824
0.048007
0.0500019
0.0528048
0.0541686
0.055354
0.0574687
0.0593596
0.0605788
0.070552
0.0824991
0.0940833
0.0954857
0.0994689
0.104855
0.107629
0.110507
0.114485
0.118416
0.0880757
0.105342
0.123351
0.140975
0.142762
0.148702
0.156949
0.161273
0.165047
0.17068
0.176214
0.114575
0.1316
0.151696
0.171893
0.174486
0.180766
0.189952
0.195314
0.200246
0.206338
0.210771
0.142074
0.16272
0.18802
0.21096
0.215433
0.224095
0.235305
0.233836
0.237579
0.245499
0.249844
0.165262
0.18553
0.210871
0.236606
0.238468
0.252416
0.271933
0.278071
0.287767
0.28286
0.284398
0.190594
0.212537
0.238068
0.268286
0.269725
0.279826
0.291492
0.297145
0.302598
0.311734
0.321198
0.219988
0.243016
0.273458
0.304371
0.31061
0.31735
0.334037
0.340185
0.34516
0.357618
0.366696
0.245739
0.251223
0.308192
0.315952
0.346682
0.332097
0.372819
0.384586
0.388434
0.400429
0.412827
0.274435
0.303835
0.340412
0.379082
0.38753
0.3966
0.415746
0.397524
0.430616
0.446734
0.45732
0.543826
0.606945
0.679636
0.759946
0.772562
0.792516
0.832269
0.849469
0.864948
0.895055
0.916897
0.817052
0.929706
1.10927
1.29445
1.33184
1.3251
1.3283
1.31309
1.30485
1.33519
1.37142
1.08568
1.21529
1.35715
1.51821
1.53742
1.5811
1.65719
1.69077
1.7274
1.77941
1.82881
1.35854
1.51363
1.83845
2.16095
2.21483
2.20702
2.20256
2.16989
2.16045
2.22437
2.28592
1.65745
1.81586
2.05894
2.28007
2.306
2.20996
2.48949
2.54569
2.42758
2.66645
2.74401
1.9333
2.41273
2.86811
3.05344
3.08928
3.07237
3.06891
3.0389
3.02655
3.1157
3.20468
2.18697
2.55394
3.22678
3.55036
3.53172
3.52312
3.5144
3.47286
3.46234
3.55748
3.65819
2.48101
3.13925
3.68136
4.00532
3.98704
3.93567
3.94677
3.91205
3.90165
4.01505
4.14572
2.82963
3.47181
4.02269
4.43724
4.42093
4.39683
4.38089
4.28467
4.33561
4.47663
4.58785
