2.9133
3.42943
4.02602
4.20858
4.13954
4.20835
4.50787
4.91739
4.16146
4.19157
4.29652
4.82901
5.54438
6.28647
7.35096
8.22117
10.4463
8.34915
8.31102
8.1669
8.4807
8.6143
7.22261
8.36578
12.0956
12.5467
12.485
12.6626
15.603
12.4897
12.3379
12.6726
12.9501
10.1653
13.7571
16.1219
16.7261
16.6215
16.9488
20.4024
16.7578
16.3308
16.8879
17.2639
14.6456
17.1613
20.2083
20.9388
20.7849
21.2055
21.3594
20.9198
20.4849
21.0614
21.6381
17.6269
20.6263
24.22
25.1223
24.9145
25.3872
25.2378
25.0595
24.4921
25.3221
25.9158
20.4634
24.0662
28.1759
29.2276
28.978
29.6213
29.866
29.2918
28.5464
29.4066
30.2026
23.7798
27.8089
32.6033
33.7805
33.6183
34.2042
34.0684
33.798
33.1054
33.9501
34.9753
29.5333
34.1153
39.4713
40.7872
40.6306
50.1634
49.6238
40.6526
39.8926
41.2511
50.282
33.7899
41.2112
54.0386
48.3184
60.7852
62.7322
44.7797
58.655
47.7353
57.2929
47.5845
