5000,1,0.000958436,0.638957,0.000563651,0.0354829
10000,1,0.00266442,1.77628,2.3223e-05,1.72243
15000,1,0.00392054,2.6137,2.5767e-05,2.32856
20000,1,0.0050554,3.37027,2.6137e-05,3.0608
25000,1,0.00642013,4.28009,2.9108e-05,3.43548
30000,1,0.00736528,4.91018,3.0411e-05,3.94594
35000,1,0.0069624,4.6416,3.2383e-05,4.32326
40000,1,0.00969031,6.46021,3.4019e-05,4.70325
45000,1,0.0104928,6.99518,3.7323e-05,4.82276
50000,1,0.00941827,6.27884,3.9143e-05,5.10947
55000,1,0.0124392,8.29281,3.7857e-05,5.81134
60000,1,0.0135461,9.0307,4.9897e-05,4.80991
65000,1,0.0140505,9.36701,4.4651e-05,5.82294
70000,1,0.0149291,9.95272,4.5966e-05,6.09146
75000,1,0.01703,11.3533,4.5245e-05,6.63057
80000,1,0.0174279,11.6186,4.6865e-05,6.82812
85000,1,0.0174335,11.6223,5.2163e-05,6.51803
90000,1,0.0185242,12.3495,5.2552e-05,6.85036
95000,1,0.0201186,13.4124,5.5747e-05,6.81651
100000,1,0.0197103,13.1402,5.2544e-05,7.61267
105000,1,0.0206808,13.7872,5.6066e-05,7.49117
110000,1,0.0213717,14.2478,5.8231e-05,7.55611
115000,1,0.0203019,13.5346,6.2458e-05,7.36495
120000,1,0.0234972,15.6648,6.4305e-05,7.46443
125000,1,0.0231947,15.4631,6.8325e-05,7.31797
130000,1,0.0240207,16.0138,7.4133e-05,7.01442
135000,1,0.0245887,16.3924,7.4276e-05,7.27018
140000,1,0.0252594,16.8396,7.8259e-05,7.15573
145000,1,0.0262745,17.5163,8.2677e-05,7.01525
150000,1,0.0265236,17.6824,8.6297e-05,6.95273
155000,1,0.0270019,18.0013,8.7068e-05,7.12087
160000,1,0.0288349,19.2233,9.2235e-05,6.9388
165000,1,0.0281298,18.7532,9.6654e-05,6.82848
170000,1,0.0289239,19.2826,9.8825e-05,6.88085
175000,1,0.0292707,19.5138,0.000100788,6.94527
180000,1,0.0298063,19.8708,0.000103043,6.98737
185000,1,0.0303005,20.2004,0.00010827,6.83476
190000,1,0.031354,20.9027,0.000112166,6.77567
195000,1,0.0312834,20.8556,0.000113893,6.84853
200000,1,0.0327386,21.8257,0.000116163,6.88687
205000,1,0.0324153,21.6102,0.000119716,6.84954
210000,1,0.0326755,21.7837,0.000123691,6.79112
215000,1,0.0332963,22.1976,0.000139575,6.16156
220000,1,0.0334609,22.3073,0.000127871,6.88194
225000,1,0.0339452,22.6301,0.0001313,6.85453
230000,1,0.0344346,22.9564,0.000132229,6.95763
235000,1,0.0352086,23.4724,0.000138303,6.79667
240000,1,0.0358485,23.899,0.000139056,6.90369
245000,1,0.0363744,24.2496,0.000143744,6.81768
250000,1,0.0358826,23.9217,0.000146753,6.81417
255000,1,0.0370388,24.6926,0.000151606,6.72797
260000,1,0.0370969,24.7313,0.000152254,6.83069
265000,1,0.037618,25.0787,0.000159075,6.66352
270000,1,0.0379213,25.2809,0.000160371,6.73438
275000,1,0.0393607,26.2405,0.000161658,6.80449
280000,1,0.0366636,24.4424,0.000160798,6.96526
285000,1,0.0385048,25.6699,0.000173847,6.55749
290000,1,0.0390415,26.0276,0.000170243,6.81379
295000,1,0.0391844,26.123,0.000169243,6.97222
300000,1,0.0400605,26.707,0.000173131,6.93117
305000,1,0.0411495,27.433,0.000176727,6.9033
310000,1,0.0407118,27.1412,0.000178984,6.92799
315000,1,0.0399856,26.6571,0.000182053,6.92106
320000,1,0.0410546,27.3697,0.000183596,6.97183
325000,1,0.0412829,27.522,0.00018488,7.03159
330000,1,0.042057,28.038,0.000192931,6.84182
335000,1,0.0433844,28.9229,0.000195198,6.86482
340000,1,0.042048,28.032,0.000199358,6.8219
345000,1,0.0422544,28.1696,0.000203468,6.78239
350000,1,0.0387261,25.8174,0.0001986,7.04935
355000,1,0.0430181,28.6788,0.000203635,6.97326
360000,1,0.042921,28.614,0.000211088,6.8218
365000,1,0.0434343,28.9562,0.000210839,6.92472
370000,1,0.0442496,29.4997,0.000214839,6.88888
375000,1,0.0404895,26.993,0.000217645,6.89196
380000,1,0.0441715,29.4477,0.000232292,6.54349
385000,1,0.0442359,29.4906,0.0002282,6.74847
390000,1,0.0443678,29.5785,0.000228383,6.83063
395000,1,0.0435238,29.0158,0.000230513,6.85428
400000,1,0.0452659,30.1773,0.000233002,6.86689
405000,1,0.0439843,29.3229,0.000247066,6.55695
410000,1,0.0433564,28.9043,0.000243735,6.72862
415000,1,0.0438187,29.2125,0.000241287,6.87977
420000,1,0.0437652,29.1768,0.000252653,6.64944
425000,1,0.043986,29.324,0.0002471,6.87981
430000,1,0.0458121,30.5414,0.000261607,6.57475
435000,1,0.0439631,29.3087,0.00026454,6.57746
440000,1,0.0451946,30.1298,0.00026227,6.71064
445000,1,0.0443463,29.5642,0.000262575,6.77902
450000,1,0.0449633,29.9755,0.000263912,6.82046
455000,1,0.045376,30.2506,0.000274417,6.63224
460000,1,0.0452719,30.1813,0.000267682,6.87383
465000,1,0.0455652,30.3768,0.000285571,6.51327
470000,1,0.0464948,30.9965,0.000278409,6.75266
475000,1,0.0460323,30.6882,0.000287844,6.6008
480000,1,0.0460491,30.6994,0.000284019,6.76011
485000,1,0.0465809,31.0539,0.000287352,6.7513
490000,1,0.0461872,30.7915,0.000294825,6.64801
495000,1,0.0407178,27.1452,0.000295904,6.69136
500000,1,0.0468867,31.2578,0.000295518,6.76778
505000,1,0.044681,29.7874,0.000299611,6.74208
510000,1,0.0471335,31.4223,0.000306238,6.66149
515000,1,0.0468722,31.2481,0.000316106,6.5168
520000,1,0.0472656,31.5104,0.000308988,6.73165
525000,1,0.0477577,31.8384,0.000309251,6.7906
530000,1,0.0477915,31.861,0.000317701,6.67294
535000,1,0.0482453,32.1635,0.000318305,6.72311
540000,1,0.0478992,31.9328,0.000321316,6.72235
545000,1,0.0483392,32.2261,0.000324,6.7284
550000,1,0.049456,32.9707,0.000322135,6.82943
555000,1,0.0485494,32.3662,0.0003288,6.75182
560000,1,0.048452,32.3013,0.00032948,6.79859
565000,1,0.0487265,32.4843,0.000343336,6.58247
570000,1,0.0491012,32.7342,0.000345182,6.60521
575000,1,0.0474207,31.6138,0.000347355,6.62147
580000,1,0.0495656,33.0437,0.00033452,6.93531
585000,1,0.0493803,32.9202,0.000338349,6.91594
590000,1,0.049568,33.0454,0.000349129,6.75968
595000,1,0.0500414,33.3609,0.000351257,6.77567
600000,1,0.0498795,33.253,0.000341391,7.03006
605000,1,0.0505747,33.7165,0.000346669,6.98072
610000,1,0.0481788,32.1192,0.000348353,7.00439
615000,1,0.0498864,33.2576,0.000348216,7.06458
620000,1,0.050126,33.4173,0.000352079,7.04387
625000,1,0.0506538,33.7692,0.000360553,6.93379
630000,1,0.0508618,33.9079,0.000369582,6.81851
635000,1,0.0506353,33.7568,0.000356708,7.12067
640000,1,0.050795,33.8633,0.00035444,7.22266
645000,1,0.0512583,34.1722,0.000361634,7.13428
650000,1,0.0510719,34.0479,0.000358372,7.25503
655000,1,0.0515511,34.3674,0.000357793,7.32267
660000,1,0.0512601,34.1734,0.000400078,6.59871
665000,1,0.0513626,34.2417,0.000366965,7.24865
670000,1,0.0518008,34.5339,0.000378793,7.0751
675000,1,0.051785,34.5233,0.000380701,7.09218
680000,1,0.0518312,34.5542,0.000375936,7.23527
685000,1,0.052312,34.8747,0.000413239,6.63055
690000,1,0.0519057,34.6038,0.000372729,7.40484
695000,1,0.0525096,35.0064,0.000408379,6.8074
700000,1,0.0522765,34.851,0.000375295,7.4608
705000,1,0.0521849,34.7899,0.000386409,7.29797
710000,1,0.0531192,35.4128,0.000377487,7.52344
715000,1,0.0523688,34.9125,0.000392708,7.28276
720000,1,0.0524335,34.9557,0.000395302,7.28557
725000,1,0.052797,35.198,0.000392857,7.38182
730000,1,0.052852,35.2346,0.00040111,7.2798
735000,1,0.0530201,35.3467,0.000392455,7.4913
740000,1,0.0530961,35.3974,0.000395161,7.49062
745000,1,0.0532834,35.5223,0.000393838,7.56656
750000,1,0.0534963,35.6642,0.000404249,7.42117
755000,1,0.0532791,35.5194,0.000396535,7.61597
760000,1,0.0533103,35.5402,0.000406568,7.47722
765000,1,0.0536303,35.7535,0.000412029,7.42666
770000,1,0.0536504,35.767,0.000414839,7.42457
775000,1,0.0536939,35.7959,0.000415499,7.46091
780000,1,0.0534515,35.6343,0.000416117,7.49789
785000,1,0.0538083,35.8722,0.000418813,7.49738
790000,1,0.0541504,36.1003,0.000451423,7.00009
795000,1,0.0541258,36.0839,0.000456637,6.96396
800000,1,0.0542851,36.1901,0.000468554,6.82952
805000,1,0.0545381,36.3587,0.000457659,7.03581
810000,1,0.0528934,35.2622,0.000535851,6.04646
815000,1,0.0526559,35.104,0.000459858,7.08914
820000,1,0.0547598,36.5065,0.000471989,6.94931
825000,1,0.0555443,37.0296,0.000472623,6.98231
830000,1,0.0548978,36.5985,0.000477931,6.94661
835000,1,0.0551155,36.7437,0.000478003,6.9874
840000,1,0.0554486,36.9657,0.000482161,6.96863
845000,1,0.0555464,37.031,0.000474484,7.12353
850000,1,0.0531272,35.4181,0.000483329,7.03455
855000,1,0.0548135,36.5424,0.00048096,7.11078
860000,1,0.0532436,35.4958,0.000481181,7.14908
865000,1,0.0555027,37.0018,0.00049211,7.03095
870000,1,0.0555988,37.0658,0.000482643,7.2103
875000,1,0.0556569,37.1046,0.000486381,7.196
880000,1,0.0559541,37.3028,0.000487733,7.21706
885000,1,0.0558812,37.2541,0.000491273,7.20577
890000,1,0.0561691,37.4461,0.000503283,7.07356
895000,1,0.0520077,34.6718,0.000493309,7.25711
900000,1,0.0559661,37.3107,0.000498352,7.22381
905000,1,0.0563319,37.5546,0.000501236,7.22215
910000,1,0.0569391,37.9594,0.000503596,7.22802
915000,1,0.0569756,37.9837,0.00050012,7.31824
920000,1,0.0565087,37.6725,0.000503089,7.31481
925000,1,0.0563629,37.5753,0.000506226,7.30899
930000,1,0.0565201,37.68,0.000517677,7.18595
935000,1,0.0566907,37.7938,0.00051486,7.26411
940000,1,0.0563352,37.5568,0.000514391,7.30961
945000,1,0.0566343,37.7562,0.000519494,7.27631
950000,1,0.056959,37.9727,0.000513596,7.39881
955000,1,0.0568571,37.9047,0.000525262,7.27256
960000,1,0.0575264,38.3509,0.000522734,7.34599
965000,1,0.056753,37.8353,0.000521165,7.40648
970000,1,0.056786,37.8574,0.000532831,7.28186
975000,1,0.057443,38.2954,0.000532447,7.32467
980000,1,0.0571779,38.1186,0.000532053,7.36769
985000,1,0.0572081,38.1388,0.000535594,7.35632
990000,1,0.0569784,37.9856,0.000535483,7.39519
995000,1,0.0572426,38.1617,0.000527985,7.53809
1000000,1,0.0568866,37.9244,0.000532309,7.51443
1005000,1,0.0572715,38.181,0.000532941,7.54305
1010000,1,0.057739,38.4927,0.000529934,7.62359
1015000,1,0.0578271,38.5514,0.000535134,7.58688
1020000,1,0.0570135,38.009,0.000539551,7.56184
1025000,1,0.0577394,38.493,0.000544332,7.53217
1030000,1,0.0577894,38.5263,0.000535317,7.69637
1035000,1,0.0580748,38.7166,0.000553305,7.48231
1040000,1,0.0531299,35.4199,0.00054576,7.6224
1045000,1,0.0579911,38.6607,0.00055177,7.57562
1050000,1,0.0580009,38.6673,0.000596878,7.03661
1055000,1,0.0580367,38.6911,0.000596769,7.07141
1060000,1,0.0583508,38.9005,0.000594077,7.13712
1065000,1,0.0580208,38.6805,0.000594203,7.16927
1070000,1,0.0580512,38.7008,0.000599034,7.14484
1075000,1,0.05657,37.7133,0.000604316,7.11548
1080000,1,0.0585398,39.0265,0.000606749,7.11991
1085000,1,0.0590964,39.3976,0.000605451,7.16821
1090000,1,0.0585733,39.0489,0.00060662,7.18737
1095000,1,0.0586701,39.1134,0.000603248,7.2607
1100000,1,0.0583735,38.9157,0.000610967,7.2017
1105000,1,0.0584924,38.995,0.00061407,7.19788
1110000,1,0.0588173,39.2115,0.000619048,7.1723
1115000,1,0.0592318,39.4879,0.000623472,7.15349
1120000,1,0.0586935,39.129,0.000627401,7.14057
1125000,1,0.0586793,39.1195,0.000612554,7.34629
1130000,1,0.0557176,37.1451,0.000617371,7.32137
1135000,1,0.0573107,38.2071,0.000616137,7.36849
1140000,1,0.0592664,39.511,0.000620301,7.35127
1145000,1,0.0587431,39.162,0.000632157,7.24504
1150000,1,0.0592702,39.5135,0.000627936,7.32559
1155000,1,0.0563227,37.5485,0.000632033,7.30974
1160000,1,0.0593659,39.5773,0.000630257,7.36208
1165000,1,0.0591336,39.4224,0.000632014,7.37325
1170000,1,0.0593161,39.5441,0.000627861,7.45388
1175000,1,0.0595233,39.6822,0.000636655,7.38233
1180000,1,0.0594888,39.6592,0.000632999,7.45657
1185000,1,0.0594184,39.6122,0.00065053,7.28637
1190000,1,0.059699,39.7993,0.000640395,7.43291
1195000,1,0.0598083,39.8722,0.000648801,7.36744
1200000,1,0.0594413,39.6275,0.000639324,7.50793
1205000,1,0.0594147,39.6098,0.000654645,7.36277
1210000,1,0.0596927,39.7951,0.000649407,7.45295
1215000,1,0.0599526,39.9684,0.000663044,7.32983
1220000,1,0.0596266,39.7511,0.00066325,7.35771
1225000,1,0.0580275,38.685,0.000659026,7.43521
1230000,1,0.0596706,39.7804,0.000653722,7.52613
1235000,1,0.0596033,39.7355,0.000661953,7.46277
1240000,1,0.0600838,40.0559,0.000658502,7.53225
1245000,1,0.0604027,40.2685,0.000661444,7.52898
1250000,1,0.0592029,39.4686,0.000681754,7.33402
1255000,1,0.0599584,39.9723,0.000660747,7.59746
1260000,1,0.0601288,40.0859,0.000663163,7.59994
1265000,1,0.060284,40.1894,0.000665984,7.59778
1270000,1,0.0607133,40.4755,0.000669972,7.58241
1275000,1,0.0602082,40.1388,0.000689914,7.39223
1280000,1,0.0603394,40.2263,0.000670233,7.63913
1285000,1,0.0604227,40.2818,0.000674866,7.61633
1290000,1,0.0604315,40.2876,0.00067092,7.69093
1295000,1,0.0603003,40.2002,0.000673231,7.69424
1300000,1,0.0608386,40.5591,0.000677434,7.67602
1305000,1,0.060637,40.4247,0.000685485,7.61505
1310000,1,0.0605785,40.3857,0.000688215,7.6139
1315000,1,0.060889,40.5927,0.000727786,7.2274
1320000,1,0.0615284,41.0189,0.00073324,7.20092
1325000,1,0.0608179,40.5453,0.000731506,7.24533
1330000,1,0.0614229,40.9486,0.000738302,7.20572
1335000,1,0.0611446,40.763,0.00072933,7.32179
1340000,1,0.0616456,41.097,0.000738197,7.26093
1345000,1,0.0614403,40.9602,0.000740822,7.2622
1350000,1,0.0613265,40.8843,0.000741726,7.28032
1355000,1,0.0610489,40.6992,0.000743158,7.2932
1360000,1,0.0610262,40.6842,0.000738966,7.36164
1365000,1,0.061224,40.816,0.000744085,7.33787
1370000,1,0.0614116,40.941,0.000756857,7.24047
1375000,1,0.0619853,41.3236,0.000754474,7.28985
1380000,1,0.0612535,40.8357,0.000749583,7.36409
1385000,1,0.0612245,40.8163,0.000760451,7.28515
1390000,1,0.0614722,40.9815,0.000750935,7.4041
1395000,1,0.0616725,41.115,0.000755554,7.38531
1400000,1,0.0617116,41.1411,0.000754501,7.42212
1405000,1,0.061794,41.196,0.000762727,7.3683
1410000,1,0.0621977,41.4651,0.000768603,7.33799
1415000,1,0.0618476,41.2317,0.000761041,7.43718
1420000,1,0.0618431,41.2287,0.000763612,7.43833
1425000,1,0.0620338,41.3559,0.000767931,7.42254
1430000,1,0.0620319,41.3546,0.000784207,7.29399
1435000,1,0.0615132,41.0088,0.00077199,7.43533
1440000,1,0.061845,41.23,0.000782419,7.36178
1445000,1,0.0617869,41.1913,0.000776369,7.44491
1450000,1,0.0609197,40.6131,0.000816961,7.09948
1455000,1,0.0618456,41.2304,0.000784236,7.42124
1460000,1,0.0618579,41.2386,0.000776851,7.51753
1465000,1,0.0620233,41.3488,0.000785158,7.46347
1470000,1,0.0617898,41.1932,0.000787376,7.46784
1475000,1,0.0600639,40.0426,0.000787559,7.4915
1480000,1,0.0621736,41.449,0.000792248,7.47241
1485000,1,0.0619977,41.3318,0.000789959,7.51938
1490000,1,0.0621671,41.4447,0.000795513,7.49202
1495000,1,0.0617794,41.1863,0.000793214,7.53895
1500000,1,0.0617869,41.1913,0.000793004,7.56617
1505000,1,0.0618582,41.2388,0.000803112,7.49584
1510000,1,0.0621949,41.4633,0.000803032,7.52149
1515000,1,0.0625943,41.7295,0.000799753,7.57734
1520000,1,0.06193,41.2867,0.000801379,7.58692
1525000,1,0.0625825,41.7217,0.000801196,7.61362
1530000,1,0.0623256,41.5504,0.000817506,7.48618
1535000,1,0.0623182,41.5454,0.00080496,7.62771
1540000,1,0.0625546,41.7031,0.000806254,7.64027
1545000,1,0.0619317,41.2878,0.000812221,7.60877
1550000,1,0.0621641,41.4427,0.000818748,7.57254
1555000,1,0.0623105,41.5403,0.00081365,7.64456
1560000,1,0.0631213,42.0808,0.000813776,7.66796
1565000,1,0.0622923,41.5282,0.000813918,7.69119
1570000,1,0.0622699,41.5133,0.000816485,7.69151
1575000,1,0.0603818,40.2546,0.000862142,7.30738
1580000,1,0.0625272,41.6848,0.00085759,7.36949
1585000,1,0.0625173,41.6782,0.000862897,7.34734
1590000,1,0.062444,41.6293,0.000865557,7.34787
1595000,1,0.0618337,41.2225,0.000868228,7.3483
1600000,1,0.0625762,41.7175,0.000873136,7.3299
1605000,1,0.0627137,41.8091,0.000872922,7.35461
1610000,1,0.0628056,41.8704,0.000885133,7.27574
1615000,1,0.0628625,41.9083,0.000872648,7.40276
1620000,1,0.0629163,41.9442,0.000870042,7.44792
1625000,1,0.062789,41.8593,0.000885985,7.33647
1630000,1,0.0630029,42.0019,0.000890405,7.32251
1635000,1,0.06285,41.9,0.000885594,7.38487
1640000,1,0.063026,42.0173,0.000891088,7.36179
1645000,1,0.0634923,42.3282,0.000887902,7.41073
1650000,1,0.0627126,41.8084,0.000888278,7.43011
1655000,1,0.0630168,42.0112,0.000891163,7.4285
1660000,1,0.0630831,42.0554,0.000893657,7.43014
1665000,1,0.0629902,41.9935,0.000899098,7.40742
1670000,1,0.0630173,42.0115,0.000904902,7.38201
1675000,1,0.0628416,41.8944,0.000898257,7.45889
1680000,1,0.0631077,42.0718,0.000899324,7.47228
1685000,1,0.0630354,42.0236,0.000907514,7.42688
1690000,1,0.0629638,41.9758,0.000911483,7.41649
1695000,1,0.0629316,41.9544,0.000917911,7.38634
1700000,1,0.0630443,42.0295,0.000902549,7.53422
1705000,1,0.0613802,40.9202,0.000913325,7.46722
1710000,1,0.0630733,42.0488,0.00090928,7.52244
1715000,1,0.0630495,42.033,0.000919446,7.46101
1720000,1,0.0631301,42.0867,0.000914627,7.52219
1725000,1,0.0630352,42.0235,0.000912699,7.56
1730000,1,0.0618181,41.2121,0.000920656,7.51638
1735000,1,0.0633786,42.2524,0.000917208,7.56644
1740000,1,0.0634577,42.3051,0.000928179,7.49855
1745000,1,0.0634899,42.3266,0.000929828,7.50676
1750000,1,0.0635959,42.3973,0.000919165,7.61561
1755000,1,0.0633856,42.2571,0.000933717,7.51834
1760000,1,0.063436,42.2907,0.000939366,7.49442
1765000,1,0.063423,42.282,0.000929233,7.59766
1770000,1,0.0633897,42.2598,0.000926436,7.64219
1775000,1,0.0624941,41.6628,0.000925607,7.67064
1780000,1,0.063615,42.41,0.000932142,7.63832
1785000,1,0.0632605,42.1737,0.000951388,7.50482
1790000,1,0.0621747,41.4498,0.000935055,7.6573
1795000,1,0.0626028,41.7352,0.000935276,7.67688
1800000,1,0.0635111,42.3407,0.000944419,7.62373
1805000,1,0.0636112,42.4075,0.000938636,7.69201
1810000,1,0.0638531,42.5687,0.000953994,7.58915
1815000,1,0.0637245,42.483,0.000954862,7.60319
1820000,1,0.0639974,42.6649,0.000944465,7.70807
1825000,1,0.0635184,42.3456,0.000959375,7.60912
1830000,1,0.0637516,42.5011,0.000958566,7.63641
1835000,1,0.0623771,41.5848,0.000953279,7.69974
1840000,1,0.0638438,42.5625,0.000999057,7.36695
1845000,1,0.0641222,42.7482,0.000992386,7.43662
1850000,1,0.0644225,42.9483,0.00100197,7.38543
1855000,1,0.0639846,42.6564,0.00101313,7.32386
1860000,1,0.0641929,42.7953,0.00100002,7.43984
1865000,1,0.0640439,42.6959,0.00101177,7.37322
1870000,1,0.0619619,41.3079,0.00101307,7.38352
1875000,1,0.0641483,42.7655,0.00101416,7.39532
1880000,1,0.0625534,41.7023,0.00101804,7.38674
1885000,1,0.0641768,42.7845,0.00101551,7.42487
1890000,1,0.0644743,42.9829,0.00102527,7.3737
1895000,1,0.0642467,42.8312,0.00101748,7.44977
1900000,1,0.0644953,42.9969,0.00102342,7.42605
1905000,1,0.0643654,42.9102,0.00102639,7.42409
1910000,1,0.0647344,43.1563,0.00102043,7.48705
1915000,1,0.0643932,42.9288,0.00102428,7.47842
1920000,1,0.0642391,42.8261,0.00103065,7.4516
1925000,1,0.0649771,43.3181,0.00102662,7.50033
1930000,1,0.0633088,42.2059,0.00103705,7.44421
1935000,1,0.0648846,43.2564,0.00103544,7.47505
1940000,1,0.0643439,42.8959,0.00103429,7.50272
1945000,1,0.0643905,42.927,0.00104143,7.47053
1950000,1,0.0644895,42.993,0.00104136,7.49024
1955000,1,0.0645101,43.0067,0.00105498,7.41244
1960000,1,0.0644098,42.9398,0.00104366,7.51202
1965000,1,0.0645606,43.0404,0.00105211,7.47074
1970000,1,0.0646124,43.0749,0.00105523,7.46755
1975000,1,0.0649835,43.3223,0.00105538,7.48548
1980000,1,0.0645018,43.0012,0.00104775,7.55903
1985000,1,0.0646984,43.1322,0.00105442,7.53017
1990000,1,0.0648233,43.2155,0.00105054,7.57706
1995000,1,0.064331,42.8873,0.00105811,7.54176
2000000,1,0.0647766,43.1844,0.00106524,7.51008
2005000,1,0.0633518,42.2345,0.00105488,7.60273
2010000,1,0.0643876,42.9251,0.00107192,7.50057
2015000,1,0.0645154,43.0103,0.00107168,7.5209
2020000,1,0.0644643,42.9762,0.00106319,7.59977
2025000,1,0.0648768,43.2512,0.00106574,7.60032
2030000,1,0.0645226,43.0151,0.00106677,7.61175
2035000,1,0.0651169,43.4112,0.00107099,7.60043
2040000,1,0.064635,43.09,0.00107464,7.59321
2045000,1,0.0646698,43.1132,0.00108506,7.53874
2050000,1,0.0648269,43.2179,0.00107667,7.61607
2055000,1,0.0650344,43.3563,0.0010784,7.62244
2060000,1,0.0651126,43.4084,0.00108058,7.62557
2065000,1,0.0650633,43.3755,0.00107655,7.67265
2070000,1,0.0644254,42.9503,0.00109981,7.52857
2075000,1,0.0635104,42.3402,0.00108239,7.6682
2080000,1,0.0648238,43.2158,0.00109406,7.60472
2085000,1,0.0649007,43.2671,0.00109168,7.63959
2090000,1,0.0646528,43.1019,0.0010996,7.6028
2095000,1,0.0648353,43.2235,0.00109068,7.68331
2100000,1,0.0647722,43.1814,0.0011443,7.34073
2105000,1,0.0650823,43.3882,0.00113371,7.42696
2110000,1,0.0652655,43.5103,0.00113833,7.41439
2115000,1,0.0652124,43.4749,0.00114272,7.40338
2120000,1,0.0648242,43.2161,0.00113491,7.47194
2125000,1,0.0649539,43.3026,0.00114301,7.43652
2130000,1,0.0651682,43.4454,0.00114355,7.45048
2135000,1,0.065035,43.3566,0.00115506,7.39356
2140000,1,0.0650812,43.3875,0.00113909,7.51476
2145000,1,0.0650881,43.3921,0.00114386,7.50094
2150000,1,0.065167,43.4447,0.00114906,7.48437
2155000,1,0.0656842,43.7895,0.00116155,7.42112
2160000,1,0.0651233,43.4156,0.0011538,7.48828
2165000,1,0.0650371,43.3581,0.00116444,7.43708
2170000,1,0.06527,43.5134,0.00115542,7.51243
2175000,1,0.0650834,43.3889,0.00117097,7.42976
2180000,1,0.0652688,43.5125,0.00116873,7.46112
2185000,1,0.0629033,41.9356,0.00118089,7.4012
2190000,1,0.0645073,43.0048,0.00118302,7.40478
2195000,1,0.0643538,42.9025,0.00119109,7.37137
2200000,1,0.0645913,43.0608,0.00118132,7.44929
2205000,1,0.0653995,43.5997,0.00125284,7.04002
2210000,1,0.0650319,43.3546,0.00120951,7.30874
2215000,1,0.064321,42.8807,0.00119326,7.42503
2220000,1,0.0642724,42.8483,0.00118427,7.49828
2225000,1,0.0632225,42.1483,0.00120643,7.37713
2230000,1,0.0644502,42.9668,0.0011843,7.53188
2235000,1,0.0646041,43.0694,0.0012,7.44999
2240000,1,0.0645936,43.0624,0.00120475,7.43721
2245000,1,0.0646136,43.0757,0.0012006,7.47961
2250000,1,0.0646041,43.0694,0.00119896,7.50649
2255000,1,0.0646669,43.1113,0.00123756,7.28856
2260000,1,0.0647138,43.1425,0.00121169,7.46068
2265000,1,0.0631811,42.1207,0.001208,7.50002
2270000,1,0.0647806,43.1871,0.00125103,7.25804
2275000,1,0.0644296,42.9531,0.00121536,7.48746
2280000,1,0.0647657,43.1771,0.0012352,7.38343
2285000,1,0.0647193,43.1462,0.00122126,7.48405
2290000,1,0.0646193,43.0795,0.00121353,7.54823
2295000,1,0.0654266,43.6177,0.0013735,6.68366
2300000,1,0.0647936,43.1957,0.0012193,7.54533
2305000,1,0.0646449,43.0966,0.0012235,7.53578
2310000,1,0.0634514,42.3009,0.00122884,7.51926
2315000,1,0.0647034,43.1356,0.00123432,7.50211
2320000,1,0.0649669,43.3113,0.00123319,7.52522
2325000,1,0.0649314,43.2876,0.0012275,7.57635
2330000,1,0.0649188,43.2792,0.00122894,7.58379
2335000,1,0.065082,43.388,0.00123983,7.5333
2340000,1,0.0649489,43.2993,0.00123418,7.58397
2345000,1,0.0648599,43.24,0.0012324,7.61119
2350000,1,0.0650447,43.3631,0.00125402,7.49591
2355000,1,0.0654682,43.6455,0.0012416,7.58697
2360000,1,0.0650921,43.3947,0.00129648,7.28125
2365000,1,0.06543,43.62,0.00129973,7.27843
2370000,1,0.065247,43.498,0.0013121,7.22504
2375000,1,0.0653364,43.5576,0.00129255,7.3498
2380000,1,0.0652239,43.4826,0.00129661,7.34222
2385000,1,0.0636682,42.4455,0.00128691,7.41311
2390000,1,0.0656515,43.7677,0.00129008,7.41038
2395000,1,0.0652461,43.4974,0.00131922,7.26185
2400000,1,0.0653559,43.5706,0.00132173,7.2632
2405000,1,0.0652977,43.5318,0.00129149,7.44878
2410000,1,0.065588,43.7254,0.00131226,7.34609
2415000,1,0.0639631,42.642,0.00130108,7.4246
2420000,1,0.0654718,43.6478,0.00129934,7.44994
2425000,1,0.0651663,43.4442,0.00130415,7.43781
2430000,1,0.0655128,43.6752,0.00132078,7.35927
2435000,1,0.0656037,43.7358,0.0013228,7.36316
2440000,1,0.0653277,43.5518,0.00131384,7.42859
2445000,1,0.0654744,43.6496,0.00131647,7.42893
2450000,1,0.0652611,43.5074,0.00132102,7.41852
2455000,1,0.0652038,43.4692,0.00131977,7.44068
2460000,1,0.0654209,43.6139,0.00133614,7.36449
2465000,1,0.06533,43.5534,0.00132225,7.45699
2470000,1,0.0658032,43.8688,0.00132071,7.48082
2475000,1,0.0656081,43.7387,0.0013329,7.42743
2480000,1,0.0654834,43.6556,0.00132858,7.46659
2485000,1,0.0639777,42.6518,0.00134816,7.37303
2490000,1,0.0653206,43.5471,0.00133488,7.46134
2495000,1,0.0654801,43.6534,0.00133092,7.49857
2500000,1,0.0653114,43.5409,0.0013453,7.43329
2505000,1,0.0653964,43.5976,0.00134191,7.46699
2510000,1,0.0639523,42.6349,0.00134944,7.44012
2515000,1,0.0652115,43.4743,0.00134091,7.50238
2520000,1,0.0643459,42.8973,0.00135619,7.43259
2525000,1,0.0652626,43.5084,0.00135852,7.43457
2530000,1,0.0655276,43.6851,0.00135387,7.47488
2535000,1,0.0655849,43.7233,0.00136536,7.4266
2540000,1,0.0655554,43.7036,0.00135681,7.48815
2545000,1,0.0655269,43.6846,0.00134871,7.54795
2550000,1,0.0656579,43.7719,0.00136294,7.48384
2555000,1,0.0654231,43.6154,0.00136523,7.48592
2560000,1,0.065684,43.7893,0.0013686,7.48209
2565000,1,0.0659118,43.9412,0.00135415,7.57673
2570000,1,0.064414,42.9427,0.00135575,7.58254
2575000,1,0.0656547,43.7698,0.00137697,7.48016
2580000,1,0.0652424,43.4949,0.00137193,7.52225
2585000,1,0.0657554,43.837,0.00137708,7.50861
2590000,1,0.0655696,43.7131,0.00137395,7.54029
2595000,1,0.0657167,43.8111,0.00135888,7.63865
2600000,1,0.0655102,43.6734,0.00138315,7.51906
2605000,1,0.0656315,43.7543,0.00137758,7.56398
2610000,1,0.0661147,44.0765,0.00138065,7.56164
2615000,1,0.0654082,43.6055,0.00137997,7.5799
2620000,1,0.0661238,44.0825,0.00140877,7.43913
2625000,1,0.0657134,43.809,0.00141726,7.40865
2630000,1,0.0657212,43.8142,0.00142088,7.40387
2635000,1,0.0658758,43.9172,0.00145246,7.25666
2640000,1,0.0659813,43.9875,0.00143632,7.35211
2645000,1,0.0659412,43.9608,0.00143552,7.37013
2650000,1,0.0659518,43.9679,0.00143517,7.38586
2655000,1,0.0660859,44.0572,0.00143563,7.39747
2660000,1,0.0657483,43.8322,0.00144235,7.37683
2665000,1,0.0659384,43.9589,0.0014401,7.40224
2670000,1,0.0654278,43.6185,0.00145724,7.32894
2675000,1,0.0655493,43.6995,0.00144155,7.42257
2680000,1,0.0658792,43.9195,0.00146636,7.31064
2685000,1,0.0660888,44.0592,0.0014464,7.42535
2690000,1,0.0658418,43.8945,0.00146975,7.32097
2695000,1,0.0636654,42.4436,0.00144709,7.44944
2700000,1,0.0658499,43.8999,0.00144516,7.47324
2705000,1,0.0658057,43.8705,0.00145006,7.46176
2710000,1,0.0660441,44.0294,0.00146442,7.40227
2715000,1,0.0658714,43.9143,0.00146569,7.40948
2720000,1,0.0661597,44.1064,0.00145095,7.49851
2725000,1,0.0662853,44.1902,0.00146411,7.44479
2730000,1,0.0658141,43.876,0.00146399,7.45906
2735000,1,0.066231,44.154,0.00145774,7.50478
2740000,1,0.0660697,44.0465,0.00147364,7.43734
2745000,1,0.0660488,44.0325,0.00146345,7.50281
2750000,1,0.0661219,44.0813,0.00147527,7.45625
2755000,1,0.0650869,43.3913,0.0014725,7.4839
2760000,1,0.0659511,43.9674,0.00147935,7.46272
2765000,1,0.0662506,44.167,0.00146712,7.53857
2770000,1,0.0672145,44.8097,0.00160608,6.89878
2775000,1,0.0665074,44.3383,0.00149307,7.43436
2780000,1,0.0662204,44.147,0.00147839,7.5217
2785000,1,0.0660832,44.0555,0.00150261,7.41377
2790000,1,0.0662815,44.1877,0.00148694,7.50534
2795000,1,0.0664946,44.3297,0.0014863,7.52204
2800000,1,0.0660118,44.0079,0.00148814,7.52615
2805000,1,0.0665133,44.3422,0.00149544,7.50278
2810000,1,0.0664143,44.2762,0.00151069,7.44032
2815000,1,0.0663253,44.2169,0.00149161,7.54887
2820000,1,0.0663368,44.2245,0.00149289,7.55581
2825000,1,0.066027,44.018,0.00149635,7.55169
2830000,1,0.0659669,43.9779,0.00152398,7.42793
2835000,1,0.0664438,44.2958,0.00150478,7.536
2840000,1,0.0665568,44.3712,0.00151943,7.47649
2845000,1,0.0662568,44.1712,0.00151448,7.51412
2850000,1,0.0665442,44.3628,0.00150475,7.576
2855000,1,0.0664853,44.3235,0.00151898,7.51819
2860000,1,0.0662709,44.1806,0.00151937,7.52944
2865000,1,0.0661767,44.1178,0.00152819,7.49908
2870000,1,0.0664485,44.299,0.0015143,7.58105
2875000,1,0.0663658,44.2439,0.00151435,7.594
2880000,1,0.0660399,44.0266,0.00152362,7.56096
2885000,1,0.0664611,44.3074,0.00158001,7.30376
2890000,1,0.066572,44.3813,0.00158346,7.30046
2895000,1,0.0664903,44.3269,0.00155355,7.45388
2900000,1,0.0666263,44.4176,0.00158337,7.32615
2905000,1,0.0666945,44.463,0.00158097,7.34993
2910000,1,0.0666819,44.4546,0.00158022,7.36606
2915000,1,0.0667231,44.4821,0.00156918,7.43065
2920000,1,0.0664825,44.3217,0.00157389,7.42109
2925000,1,0.0666517,44.4345,0.00157985,7.40578
2930000,1,0.0665992,44.3995,0.00160474,7.30336
2935000,1,0.0671034,44.7356,0.0016832,6.97481
2940000,1,0.0666473,44.4315,0.00160156,7.34282
2945000,1,0.0664416,44.2944,0.00159119,7.40328
2950000,1,0.0666155,44.4103,0.00159853,7.38178
2955000,1,0.0670144,44.6763,0.00158937,7.43692
2960000,1,0.0667443,44.4962,0.00159631,7.4171
2965000,1,0.0666442,44.4295,0.0016006,7.4097
2970000,1,0.0666979,44.4652,0.00160499,7.4019
2975000,1,0.0666072,44.4048,0.00160627,7.40845
2980000,1,0.0666624,44.4416,0.00159468,7.47484
2985000,1,0.0667561,44.5041,0.00161186,7.40761
2990000,1,0.0669803,44.6535,0.00161025,7.42742
2995000,1,0.0665681,44.3788,0.00160145,7.48073
3000000,1,0.0668261,44.5507,0.00161505,7.4301
3005000,1,0.0668461,44.5641,0.00160978,7.46686
3010000,1,0.0670433,44.6956,0.00161691,7.44632
3015000,1,0.0667459,44.4972,0.00161377,7.4732
3020000,1,0.066947,44.6313,0.00162814,7.4195
3025000,1,0.0667928,44.5285,0.00160912,7.51963
3030000,1,0.0666664,44.4443,0.00160354,7.55828
3035000,1,0.0668915,44.5943,0.00160685,7.55514
3040000,1,0.0665514,44.3676,0.00161645,7.52264
3045000,1,0.0668005,44.5337,0.00161542,7.53985
3050000,1,0.0670055,44.6703,0.00162457,7.50969
3055000,1,0.0654521,43.6348,0.00163449,7.47633
3060000,1,0.0669225,44.615,0.00163696,7.47726
3065000,1,0.0668234,44.5489,0.00163042,7.51953
3070000,1,0.0668957,44.5971,0.00164282,7.47494
3075000,1,0.066726,44.484,0.00163497,7.52306
3080000,1,0.0674052,44.9368,0.00172258,7.15205
3085000,1,0.0666849,44.4566,0.00165073,7.4755
3090000,1,0.06678,44.52,0.0016351,7.55918
3095000,1,0.0670462,44.6975,0.0016415,7.54189
3100000,1,0.0669024,44.6016,0.00164222,7.55076
3105000,1,0.0670885,44.7257,0.0016394,7.57593
3110000,1,0.0669376,44.6251,0.00165503,7.51648
3115000,1,0.0671621,44.7747,0.00165065,7.54856
3120000,1,0.0668044,44.5363,0.00164572,7.5833
3125000,1,0.0670148,44.6765,0.00165183,7.56738
3130000,1,0.0668792,44.5861,0.00165,7.5879
3135000,1,0.0669629,44.6419,0.00165075,7.59656
3140000,1,0.0671414,44.7609,0.00165671,7.58131
3145000,1,0.066931,44.6207,0.00166187,7.5698
3150000,1,0.0667222,44.4815,0.00170919,7.37191
3155000,1,0.067161,44.774,0.00169533,7.44398
3160000,1,0.067325,44.8833,0.0017041,7.4174
3165000,1,0.0668587,44.5724,0.00170765,7.4137
3170000,1,0.0671793,44.7862,0.00170873,7.4207
3175000,1,0.0671271,44.7514,0.00171819,7.39149
3180000,1,0.0670316,44.6877,0.0017213,7.38975
3185000,1,0.0670917,44.7278,0.00171703,7.41981
3190000,1,0.0672353,44.8235,0.00172208,7.40966
3195000,1,0.0677007,45.1338,0.00183369,6.96957
3200000,1,0.067502,45.0013,0.00172124,7.43652
3205000,1,0.0671948,44.7965,0.00173374,7.39441
3210000,1,0.0670938,44.7292,0.00173258,7.41093
3215000,1,0.0658742,43.9161,0.00172237,7.46645
3220000,1,0.0674612,44.9741,0.00173684,7.41575
3225000,1,0.067255,44.8367,0.00174206,7.40503
3230000,1,0.0671895,44.793,0.00174175,7.41781
3235000,1,0.0671666,44.7777,0.00173296,7.46698
3240000,1,0.0676376,45.0917,0.00173464,7.4713
3245000,1,0.0670655,44.7104,0.00174391,7.44307
3250000,1,0.067155,44.77,0.00174804,7.4369
3255000,1,0.067432,44.9547,0.00175035,7.43853
3260000,1,0.0659921,43.9948,0.00174285,7.48201
3265000,1,0.0669643,44.6429,0.00174301,7.49278
3270000,1,0.0672632,44.8421,0.0017617,7.42466
3275000,1,0.0657518,43.8346,0.00173998,7.52884
3280000,1,0.0671984,44.799,0.00175938,7.45716
3285000,1,0.0672685,44.8457,0.00177498,7.4029
3290000,1,0.0673006,44.8671,0.00175141,7.51393
3295000,1,0.0671891,44.7928,0.00178924,7.36626
3300000,1,0.0671016,44.7344,0.00175832,7.50717
3305000,1,0.0659347,43.9565,0.00177464,7.44941
3310000,1,0.0672079,44.8053,0.00175614,7.53925
3315000,1,0.0672055,44.8037,0.00177194,7.48332
3320000,1,0.0673957,44.9304,0.00176575,7.52089
3325000,1,0.067238,44.8254,0.00179158,7.42361
3330000,1,0.0671536,44.769,0.00177042,7.52364
3335000,1,0.0673967,44.9311,0.0017689,7.54141
3340000,1,0.067558,45.0387,0.00176946,7.55033
3345000,1,0.0675507,45.0338,0.00177304,7.54637
3350000,1,0.0673353,44.8902,0.00178313,7.51486
3355000,1,0.0681504,45.4336,0.00190951,7.02798
3360000,1,0.0672929,44.8619,0.00177504,7.57167
3365000,1,0.0675603,45.0402,0.00178114,7.55697
3370000,1,0.0673681,44.9121,0.00179221,7.52146
3375000,1,0.0673946,44.9298,0.00178271,7.57274
3380000,1,0.0669784,44.6523,0.00179289,7.54091
3385000,1,0.0674872,44.9915,0.0017842,7.58883
3390000,1,0.0672939,44.8626,0.0018003,7.53209
3395000,1,0.0676641,45.1094,0.00179504,7.56529
3400000,1,0.0673365,44.891,0.0018227,7.46145
3405000,1,0.0682554,45.5036,0.00192433,7.07779
3410000,1,0.0676731,45.1154,0.0018464,7.38736
3415000,1,0.0665232,44.3488,0.00183922,7.42707
3420000,1,0.0674831,44.9888,0.00185041,7.39297
3425000,1,0.0663951,44.2634,0.00185259,7.39506
3430000,1,0.0680059,45.3372,0.00184075,7.45349
3435000,1,0.0675793,45.0529,0.00184346,7.45338
3440000,1,0.0675826,45.0551,0.00184862,7.44339
3445000,1,0.0682219,45.4812,0.00193277,7.12968
3450000,1,0.0669574,44.6382,0.00184346,7.48594
3455000,1,0.0677471,45.1647,0.00188066,7.34847
3460000,1,0.0667138,44.4759,0.00185955,7.44266
3465000,1,0.0677857,45.1904,0.00186333,7.43831
3470000,1,0.0665688,44.3792,0.00186398,7.44642
3475000,1,0.0674646,44.9764,0.00186911,7.43671
3480000,1,0.0676514,45.1009,0.00186829,7.45066
3485000,1,0.0676625,45.1083,0.00187663,7.42821
3490000,1,0.067703,45.1353,0.00186232,7.49604
3495000,1,0.0663498,44.2332,0.00187386,7.46054
3500000,1,0.0681825,45.455,0.00187631,7.46146
3505000,1,0.0680838,45.3892,0.00189105,7.41387
3510000,1,0.0677308,45.1538,0.00186159,7.54194
3515000,1,0.0678286,45.219,0.00187992,7.47906
3520000,1,0.0679211,45.2807,0.00187356,7.51511
3525000,1,0.0670486,44.699,0.0018728,7.52882
3530000,1,0.0678209,45.2139,0.00187699,7.5227
3535000,1,0.0677677,45.1785,0.00187699,7.53335
3540000,1,0.0677962,45.1975,0.00190043,7.45095
3545000,1,0.0679868,45.3245,0.00189231,7.4935
3550000,1,0.0677451,45.1634,0.00188152,7.54707
3555000,1,0.0676855,45.1237,0.00190149,7.47833
3560000,1,0.0679489,45.2992,0.00189128,7.52929
3565000,1,0.0667682,44.5121,0.00189946,7.50738
3570000,1,0.0678335,45.2224,0.00189237,7.5461
3575000,1,0.0675465,45.031,0.00188879,7.57096
3580000,1,0.0677562,45.1708,0.00193474,7.40152
3585000,1,0.0670189,44.6793,0.00190817,7.51504
3590000,1,0.0677288,45.1525,0.00191918,7.48238
3595000,1,0.0676519,45.1013,0.00190247,7.5586
3600000,1,0.0681319,45.4213,0.00190887,7.54372
3605000,1,0.0680289,45.3526,0.00190978,7.5506
3610000,1,0.0676911,45.1274,0.00191445,7.54262
3615000,1,0.0680725,45.3816,0.00190757,7.58034
3620000,1,0.0678015,45.201,0.00192531,7.52086
3625000,1,0.0680066,45.3377,0.00194622,7.45034
3630000,1,0.0676643,45.1096,0.00194835,7.45245
3635000,1,0.0680892,45.3928,0.00193592,7.51065
3640000,1,0.0680153,45.3436,0.00194032,7.50392
3645000,1,0.0676958,45.1305,0.00192807,7.56198
3650000,1,0.0680414,45.3609,0.00193499,7.54524
3655000,1,0.0678061,45.2041,0.00194104,7.53206
3660000,1,0.0675636,45.0424,0.00193912,7.54981
3665000,1,0.0678505,45.2337,0.00194624,7.53248
3670000,1,0.0680764,45.3843,0.0019447,7.54872
3675000,1,0.0679934,45.329,0.0020268,7.25281
3680000,1,0.0682968,45.5312,0.00198477,7.41646
3685000,1,0.0680976,45.3984,0.00197584,7.4601
3690000,1,0.0680026,45.335,0.0019891,7.42046
3695000,1,0.067999,45.3327,0.00200482,7.37222
3700000,1,0.0678546,45.2364,0.00198427,7.45866
3705000,1,0.0681582,45.4388,0.00201262,7.36355
3710000,1,0.0678779,45.2519,0.00198469,7.47725
3715000,1,0.0680694,45.3796,0.00199821,7.43666
3720000,1,0.0681258,45.4172,0.00199055,7.47532
3725000,1,0.0682343,45.4895,0.00199985,7.45058
3730000,1,0.0679262,45.2842,0.00199036,7.49612
3735000,1,0.0680754,45.3836,0.00200502,7.4513
3740000,1,0.0681928,45.4619,0.00199533,7.49751
3745000,1,0.0682593,45.5062,0.00199675,7.50218
3750000,1,0.0680859,45.3906,0.00200867,7.46764
3755000,1,0.068141,45.4273,0.00201035,7.47135
3760000,1,0.0680527,45.3684,0.00200846,7.48834
3765000,1,0.0681503,45.4336,0.00200756,7.50163
3770000,1,0.0679749,45.3166,0.00203498,7.4104
3775000,1,0.0681568,45.4379,0.00202691,7.44975
3780000,1,0.0680017,45.3345,0.00204172,7.40551
3785000,1,0.0680211,45.3474,0.00202427,7.47924
3790000,1,0.06798,45.32,0.00202105,7.50106
3795000,1,0.0681724,45.4483,0.0020261,7.49223
3800000,1,0.0680439,45.3626,0.00202931,7.49021
3805000,1,0.0681106,45.4071,0.0020317,7.49125
3810000,1,0.0680746,45.3831,0.00204208,7.46299
3815000,1,0.0684503,45.6336,0.00202939,7.51948
3820000,1,0.0683176,45.5451,0.00202829,7.53342
3825000,1,0.068025,45.35,0.00204411,7.48492
3830000,1,0.0681567,45.4378,0.00202854,7.55223
3835000,1,0.0680953,45.3968,0.00203688,7.53114
3840000,1,0.068374,45.5827,0.00203843,7.53521
3845000,1,0.0681377,45.4251,0.00204404,7.52431
3850000,1,0.067218,44.812,0.00203764,7.55776
3855000,1,0.0681127,45.4085,0.00205564,7.50133
3860000,1,0.0681303,45.4202,0.00205952,7.49691
3865000,1,0.0679708,45.3139,0.00208494,7.41509
3870000,1,0.0682694,45.5129,0.00204964,7.55253
3875000,1,0.0671426,44.7617,0.00206551,7.50421
3880000,1,0.0681732,45.4488,0.00205334,7.55841
3885000,1,0.0682277,45.4851,0.00206031,7.54256
3890000,1,0.0681335,45.4223,0.00205897,7.55717
3895000,1,0.0686263,45.7509,0.00205643,7.57623
3900000,1,0.068248,45.4987,0.0020698,7.53697
3905000,1,0.0680282,45.3521,0.00205859,7.58773
3910000,1,0.0683449,45.5633,0.00208659,7.49548
3915000,1,0.0682163,45.4775,0.00206477,7.58438
3920000,1,0.0682513,45.5008,0.00207022,7.57407
3925000,1,0.0682178,45.4785,0.00208939,7.51414
3930000,1,0.0682962,45.5308,0.00207638,7.57087
3935000,1,0.0681547,45.4364,0.00212145,7.41946
3940000,1,0.0683968,45.5979,0.00210727,7.47887
3945000,1,0.0684124,45.6083,0.00212807,7.41516
3950000,1,0.0687722,45.8481,0.00212336,7.44104
3955000,1,0.0681928,45.4619,0.00211598,7.47645
3960000,1,0.0684499,45.6333,0.00213368,7.4238
3965000,1,0.0685314,45.6876,0.00213254,7.43713
3970000,1,0.0685284,45.6856,0.00211425,7.51095
3975000,1,0.0685749,45.7166,0.00216006,7.3609
3980000,1,0.0684955,45.6637,0.00214332,7.42772
3985000,1,0.0686081,45.7387,0.00212935,7.48585
3990000,1,0.0684325,45.6216,0.00212935,7.49523
3995000,1,0.0686367,45.7578,0.00213702,7.4777
4000000,1,0.0684847,45.6565,0.00212307,7.53625
4005000,1,0.0687672,45.8448,0.00215171,7.44523
4010000,1,0.0684468,45.6312,0.00214026,7.49443
4015000,1,0.0685899,45.7266,0.00214641,7.48226
4020000,1,0.0683302,45.5534,0.00216594,7.42402
4025000,1,0.0690985,46.0657,0.00211084,7.62731
4030000,1,0.0685959,45.7306,0.00217408,7.41464
4035000,1,0.0684329,45.622,0.00217462,7.42199
4040000,1,0.067438,44.9587,0.00216284,7.47167
4045000,1,0.0684825,45.655,0.00217318,7.44532
4050000,1,0.0684625,45.6416,0.00216322,7.48885
4055000,1,0.0685337,45.6891,0.00217187,7.46821
4060000,1,0.0684752,45.6502,0.00219009,7.41523
4065000,1,0.0686536,45.769,0.00219784,7.39818
4070000,1,0.0684738,45.6492,0.00219209,7.42671
4075000,1,0.0674972,44.9982,0.00217341,7.49972
4080000,1,0.068548,45.6987,0.00217054,7.51885
4085000,1,0.0684213,45.6142,0.00219364,7.4488
4090000,1,0.0684916,45.6611,0.00216146,7.56898
4095000,1,0.0686783,45.7855,0.00216693,7.55907
4100000,1,0.0685115,45.6743,0.00219232,7.48066
4105000,1,0.0685599,45.7066,0.00218673,7.50894
4110000,1,0.0687935,45.8623,0.00217938,7.54342
4115000,1,0.068001,45.334,0.00235044,7.00294
4120000,1,0.0686049,45.7366,0.002207,7.46715
4125000,1,0.0684626,45.6418,0.00219704,7.51011
4130000,1,0.0685967,45.7311,0.00218432,7.56298
4135000,1,0.0683703,45.5802,0.0021951,7.53495
4140000,1,0.068475,45.65,0.00218573,7.57643
4145000,1,0.0674433,44.9622,0.00220427,7.52177
4150000,1,0.0684171,45.6114,0.00222218,7.47016
4155000,1,0.0685851,45.7234,0.00222322,7.47565
4160000,1,0.06853,45.6867,0.00219033,7.59704
4165000,1,0.0689484,45.9656,0.00233307,7.14079
4170000,1,0.068529,45.686,0.00221147,7.54249
4175000,1,0.0685025,45.6683,0.0022047,7.57473
4180000,1,0.0685609,45.7073,0.00223289,7.48807
4185000,1,0.0685103,45.6736,0.00219609,7.62262
4190000,1,0.0686394,45.7596,0.0022063,7.59645
4195000,1,0.0685178,45.6785,0.0022567,7.43562
4200000,1,0.0685589,45.706,0.00227554,7.38285
4205000,1,0.0687048,45.8032,0.00227597,7.39027
4210000,1,0.0688552,45.9034,0.00226934,7.42065
4215000,1,0.068737,45.8247,0.00228207,7.38802
4220000,1,0.0687324,45.8216,0.0022796,7.40481
4225000,1,0.0690527,46.0351,0.00227654,7.42356
4230000,1,0.0687674,45.845,0.00227325,7.4431
4235000,1,0.068787,45.858,0.00227556,7.44431
4240000,1,0.0684762,45.6508,0.00228943,7.40797
4245000,1,0.0686615,45.7744,0.00229877,7.38656
4250000,1,0.0683598,45.5732,0.00229185,7.41759
4255000,1,0.0676159,45.0773,0.00227621,7.47733
4260000,1,0.0675245,45.0164,0.00229303,7.43123
4265000,1,0.0685768,45.7179,0.002333,7.31248
4270000,1,0.0687381,45.8254,0.00230117,7.42231
4275000,1,0.0686137,45.7425,0.00230135,7.43043
4280000,1,0.0687904,45.8603,0.00229373,7.46381
4285000,1,0.067273,44.8487,0.00231179,7.41417
4290000,1,0.0686093,45.7395,0.00228639,7.50528
4295000,1,0.0687899,45.8599,0.00231676,7.41553
4300000,1,0.0685955,45.7303,0.00229698,7.48811
4305000,1,0.068618,45.7453,0.0022911,7.51603
4310000,1,0.0686701,45.7801,0.00230048,7.49408
4315000,1,0.0686532,45.7688,0.00228192,7.5638
4320000,1,0.0688885,45.9257,0.00230651,7.49183
4325000,1,0.0684074,45.6049,0.00231137,7.48473
4330000,1,0.068918,45.9453,0.00229887,7.53413
4335000,1,0.0687911,45.8608,0.00232652,7.4532
4340000,1,0.0687407,45.8271,0.00231279,7.50609
4345000,1,0.0686696,45.7797,0.0023281,7.46531
4350000,1,0.0686681,45.7788,0.00232687,7.47787
4355000,1,0.0688452,45.8968,0.00233836,7.44966
4360000,1,0.0689215,45.9477,0.00231759,7.52505
4365000,1,0.0686841,45.7894,0.0023356,7.47561
4370000,1,0.0687228,45.8152,0.00233479,7.48675
4375000,1,0.0690179,46.0119,0.00233406,7.49767
4380000,1,0.0677582,45.1721,0.00232893,7.52277
4385000,1,0.0692764,46.1843,0.00227587,7.70695
4390000,1,0.0681143,45.4095,0.00235993,7.4409
4395000,1,0.0685296,45.6864,0.00233022,7.54434
4400000,1,0.0687597,45.8398,0.00231942,7.58811
4405000,1,0.0686832,45.7888,0.0023299,7.56256
4410000,1,0.0687483,45.8322,0.00237211,7.43641
4415000,1,0.0688537,45.9024,0.00233185,7.57339
4420000,1,0.0687804,45.8536,0.00235024,7.52264
4425000,1,0.0686456,45.7638,0.00234329,7.55347
4430000,1,0.0687755,45.8503,0.00235038,7.53919
4435000,1,0.0686485,45.7656,0.00233155,7.60866
4440000,1,0.0687771,45.8514,0.00236124,7.52148
4445000,1,0.0694208,46.2805,0.00253533,7.0129
4450000,1,0.0687535,45.8357,0.0023556,7.55647
4455000,1,0.0688095,45.873,0.00237448,7.50481
4460000,1,0.0688837,45.9225,0.00239255,7.45648
4465000,1,0.0693018,46.2012,0.00241425,7.39773
4470000,1,0.0689868,45.9912,0.00241004,7.41898
4475000,1,0.0683949,45.5966,0.00242511,7.3811
4480000,1,0.069157,46.1046,0.00240684,7.44544
4485000,1,0.0691413,46.0942,0.00240035,7.47392
4490000,1,0.0690559,46.0372,0.00240495,7.46792
4495000,1,0.0691324,46.0883,0.00242489,7.41478
4500000,1,0.0690064,46.0043,0.00241443,7.45519
4505000,1,0.0691679,46.112,0.00242901,7.41867
4510000,1,0.0689241,45.9494,0.00240912,7.4882
4515000,1,0.0690809,46.0539,0.00247247,7.30443
4520000,1,0.0691969,46.1313,0.00242054,7.4694
4525000,1,0.0688286,45.8857,0.00243013,7.44816
4530000,1,0.0691696,46.1131,0.00243614,7.43799
4535000,1,0.0690755,46.0503,0.00243042,7.46372
4540000,1,0.0690389,46.026,0.00241791,7.51062
4545000,1,0.0691328,46.0886,0.00242179,7.50683
4550000,1,0.0689885,45.9923,0.00245953,7.39978
4555000,1,0.0690998,46.0665,0.00244538,7.45078
4560000,1,0.069186,46.124,0.00242141,7.53282
4565000,1,0.0690749,46.0499,0.00245519,7.4373
4570000,1,0.0691736,46.1157,0.00243912,7.4945
4575000,1,0.0692425,46.1616,0.00247334,7.39889
4580000,1,0.0690994,46.0663,0.00244846,7.48225
4585000,1,0.069015,46.01,0.00244262,7.50833
4590000,1,0.069143,46.0953,0.00246169,7.45829
4595000,1,0.0690768,46.0512,0.00244152,7.52811
4600000,1,0.0690654,46.0436,0.00244469,7.52652
4605000,1,0.068929,45.9527,0.00244003,7.5491
4610000,1,0.0691206,46.0804,0.0024786,7.43968
4615000,1,0.0690345,46.023,0.00247682,7.45311
4620000,1,0.0690617,46.0412,0.0024757,7.46456
4625000,1,0.0691091,46.0727,0.0024745,7.47627
4630000,1,0.0691687,46.1124,0.00245923,7.53081
4635000,1,0.0688387,45.8925,0.00246126,7.53272
4640000,1,0.0692157,46.1438,0.00243998,7.60663
4645000,1,0.0680385,45.359,0.00247065,7.52028
4650000,1,0.06911,46.0734,0.00248803,7.47581
4655000,1,0.0689725,45.9817,0.0024639,7.55713
4660000,1,0.0689245,45.9497,0.00247268,7.53837
4665000,1,0.0689822,45.9881,0.00248571,7.50692
4670000,1,0.0690282,46.0188,0.00248305,7.52299
4675000,1,0.0691498,46.0999,0.00247881,7.54393
4680000,1,0.0690345,46.023,0.00249343,7.50773
4685000,1,0.0692099,46.1399,0.00248296,7.54745
4690000,1,0.0690652,46.0435,0.00247505,7.57964
4695000,1,0.0689924,45.9949,0.0025106,7.48028
4700000,1,0.0690538,46.0359,0.00248895,7.5534
4705000,1,0.0690874,46.0583,0.00248109,7.58538
4710000,1,0.0691148,46.0765,0.0024932,7.55655
4715000,1,0.0692022,46.1348,0.00250007,7.5438
4720000,1,0.0680735,45.3823,0.0025315,7.45801
4725000,1,0.0691696,46.1131,0.00255654,7.3928
4730000,1,0.0693942,46.2628,0.00253492,7.46374
4735000,1,0.0692731,46.1821,0.00254046,7.45535
4740000,1,0.0690645,46.043,0.00254302,7.45569
4745000,1,0.0691358,46.0906,0.00253395,7.49028
4750000,1,0.069144,46.096,0.00255241,7.44395
4755000,1,0.0692694,46.1796,0.00254219,7.48173
4760000,1,0.0694325,46.2883,0.00255153,7.4622
4765000,1,0.0691702,46.1135,0.00255906,7.44805
4770000,1,0.0692015,46.1343,0.00254691,7.49143
4775000,1,0.0691902,46.1268,0.00256261,7.45333
4780000,1,0.0691623,46.1082,0.00257077,7.43747
4785000,1,0.069096,46.064,0.00256801,7.45324
4790000,1,0.0690351,46.0234,0.00256936,7.45712
4795000,1,0.0690859,46.0573,0.0025447,7.53724
4800000,1,0.069135,46.09,0.00258484,7.42794
4805000,1,0.0693589,46.2393,0.00257998,7.44968
4810000,1,0.0691373,46.0916,0.00256311,7.50651
4815000,1,0.0690737,46.0491,0.00256976,7.49485
4820000,1,0.0692244,46.1496,0.00258874,7.44764
4825000,1,0.0692771,46.1847,0.00260295,7.41467
4830000,1,0.0694004,46.2669,0.00257522,7.50226
4835000,1,0.0692869,46.1913,0.00258198,7.49037
4840000,1,0.0690805,46.0537,0.00258012,7.50353
4845000,1,0.0692054,46.1369,0.00259011,7.4823
4850000,1,0.0693121,46.2081,0.00259176,7.48526
4855000,1,0.0691512,46.1008,0.00260672,7.44999
4860000,1,0.0691977,46.1318,0.00258661,7.51562
4865000,1,0.0692275,46.1517,0.0026135,7.44595
4870000,1,0.0691865,46.1243,0.00258086,7.54787
4875000,1,0.0692354,46.1569,0.00259305,7.52009
4880000,1,0.0692736,46.1824,0.00260895,7.48195
4885000,1,0.0691407,46.0938,0.00262907,7.43229
4890000,1,0.0692772,46.1848,0.00260919,7.49658
4895000,1,0.0693538,46.2358,0.00261883,7.47662
4900000,1,0.0693166,46.211,0.00262689,7.4613
4905000,1,0.0692285,46.1523,0.0025893,7.57734
4910000,1,0.0695138,46.3425,0.0026246,7.48304
4915000,1,0.0693419,46.2279,0.00259071,7.58864
4920000,1,0.0694126,46.2751,0.00261094,7.53751
4925000,1,0.068167,45.4447,0.00262332,7.50958
4930000,1,0.0692641,46.1761,0.00261713,7.53498
4935000,1,0.0693443,46.2295,0.00263312,7.4968
4940000,1,0.0693061,46.2041,0.00261125,7.56726
4945000,1,0.0690943,46.0629,0.00263912,7.49493
4950000,1,0.0693002,46.2002,0.00265482,7.45813
4955000,1,0.0695367,46.3578,0.00261645,7.57514
4960000,1,0.069622,46.4147,0.00262596,7.55534
4965000,1,0.0693273,46.2182,0.00260868,7.61303
4970000,1,0.0691993,46.1329,0.00261389,7.60552
4975000,1,0.0694684,46.3122,0.00263273,7.5587
4980000,1,0.0693772,46.2515,0.00263528,7.55898
4985000,1,0.0695478,46.3652,0.00269621,7.39558
4990000,1,0.0692738,46.1825,0.00269,7.42006
4995000,1,0.0695168,46.3445,0.00266423,7.49936
5000000,1,0.0695523,46.3682,0.00269095,7.43232
5005000,1,0.0693931,46.2621,0.00270124,7.41141
5010000,1,0.0695053,46.3369,0.00268335,7.46828
5015000,1,0.0695957,46.3972,0.00267637,7.49523
5020000,1,0.0683257,45.5504,0.00270785,7.41548
5025000,1,0.0694742,46.3161,0.002697,7.45272
5030000,1,0.069877,46.5846,0.00286107,7.03234
5035000,1,0.0694006,46.267,0.00271635,7.41436
5040000,1,0.0695021,46.3347,0.0026967,7.4758
5045000,1,0.0695902,46.3935,0.00272272,7.4117
5050000,1,0.06968,46.4533,0.00268699,7.51771
5055000,1,0.0694909,46.3273,0.00269885,7.49209
5060000,1,0.0694699,46.3132,0.00270136,7.49251
5065000,1,0.0694348,46.2898,0.0027147,7.46307
5070000,1,0.0693346,46.2231,0.00272955,7.42979
5075000,1,0.0690565,46.0377,0.00270153,7.51425
5080000,1,0.0695152,46.3435,0.0027306,7.4416
5085000,1,0.0695418,46.3612,0.00270561,7.5177
5090000,1,0.0695274,46.3516,0.00271767,7.49173
5095000,1,0.0694503,46.3002,0.00274782,7.41678
5100000,1,0.0695889,46.3926,0.0027186,7.50385
5105000,1,0.069366,46.244,0.00274283,7.44487
5110000,1,0.069556,46.3707,0.0027297,7.48801
5115000,1,0.0695981,46.3988,0.00272626,7.50479
5120000,1,0.0693935,46.2623,0.00275092,7.44479
