34.7035
33.9289
36.8745
34.6403
35.0746
34.0539
33.3407
34.8029
36.1309
38.1929
35.5646
35.6851
33.6349
38.625
35.4089
37.0614
38.1801
35.9091
36.3603
38.4789
32.9576
31.7266
41.3123
36.2081
37.3998
35.9696
36.2495
35.5192
36.9657
37.903
37.8507
35.3927
35.8678
37.3481
35.0206
39.9182
36.997
36.378
35.4396
35.9137
37.7239
35.2254
35.3948
36.8455
34.8117
34.8253
35.4169
40.2818
36.1032
37.8989
37.0124
35.9321
35.9025
34.7169
37.3519
36.4503
35.8614
35.8648
37.4244
33.942
34.4565
37.2206
38.3732
35.6425
36.7013
37.8508
37.2396
37.5867
38.9463
33.6781
34.3477
14.1821
37.2412
37.028
34.581
35.2762
36.4508
38.1379
37.3621
36.8429
35.1239
34.0161
36.5359
35.7615
35.705
36.9179
37.674
36.3977
37.509
35.6792
33.9577
34.3055
36.9448
35.6764
37.8027
36.5402
33.675
39.4571
36.0811
32.2754
37.8313
37.1025
35.3526
35.208
34.6034
39.5388
38.9357
35.1959
36.1948
34.6049
39.3798
36.4805
37.2048
36.906
35.2592
40.7054
34.5139
34.4172
35.9071
35.4167
35.9074
35.6368
32.6465
40.2253
37.0417
34.9377
36.3285
42.3383
36.3034
36.6505
35.2678
38.7359
37.0271
36.8187
39.6853
36.5097
37.9799
37.0726
36.4513
38.6201
35.4764
36.6566
36.0758
36.4445
36.2878
36.0291
33.999
34.0197
37.1211
35.6746
37.3837
34.6968
36.3469
36.337
35.5358
37.4702
37.3577
35.9418
35.7331
36.4664
35.8849
37.5448
34.7575
35.5271
35.4692
36.3181
36.3407
36.4797
35.8091
34.7618
39.7448
36.271
35.5904
36.0959
36.385
36.8883
34.4073
36.6388
36.2744
36.0263
35.3273
37.0343
37.0554
34.3857
33.9397
38.7851
34.234
34.1502
36.1958
35.8253
38.4298
36.6639
36.1826
35.7462
36.7181
36.5664
36.936
35.253
33.3475
37.2656
37.7453
37.534
36.6656
36.0276
36.2099
37.9878
35.6829
35.3866
35.688
38.3162
36.1654
37.2589
35.8648
33.983
36.477
36.4774
37.3021
35.4599
35.9257
38.0169
34.264
36.9747
37.1316
37.291
36.185
35.2476
35.4618
36.3678
36.0005
36.1741
36.921
36.8104
41.6274
35.5226
34.5359
37.7738
36.795
35.1826
39.5654
36.1732
35.3029
36.8776
36.1572
34.1559
36.7684
34.0589
36.2286
36.3463
36.2352
36.3336
36.1096
38.9548
35.9178
35.6939
38.8495
35.4943
35.4078
37.4003
36.2301
34.9128
37.1901
40.7034
33.8976
36.9816
40.012
35.3841
36.8278
36.8316
14.0175
36.7656
37.383
43.2856
36.2807
35.9484
36.0982
37.1209
34.0028
36.7649
37.2995
35.9063
38.683
36.2115
34.9238
36.0877
36.3555
37.0593
36.4834
37.4259
35.9029
37.7335
35.1398
36.2559
35.6861
36.055
38.5247
34.4553
34.8557
35.8032
36.7754
34.5168
35.0059
36.0996
37.0542
36.7197
36.7138
33.4899
35.6122
35.0731
36.4073
35.9155
36.4367
35.5516
38.1847
35.7181
37.6751
36.7637
38.2565
35.2755
36.8886
34.2627
35.685
34.9218
37.4593
38.4823
39.4421
37.1218
38.2528
34.5116
35.9889
36.5631
37.0405
34.9872
36.3686
36.7777
36.2119
35.6214
34.8991
38.8759
36.9184
35.4323
36.593
36.055
36.4453
36.3118
40.2166
35.4928
37.0829
36.1397
40.2263
33.7931
35.9673
34.888
36.0695
37.1025
36.0983
36.2037
35.8343
37.3619
37.3204
35.8458
36.0692
35.9305
41.8198
35.5579
36.2362
35.0062
36.923
37.9275
37.9901
36.1433
37.0643
35.0899
38.7302
37.624
36.8871
34.8614
35.5934
35.5649
35.0125
36.3445
34.924
38.1018
37.5723
40.2481
38.9071
37.0664
36.1321
36.3888
37.4881
36.5273
35.264
37.1116
36.7748
37.3129
36.1647
35.8349
36.6015
35.6587
36.5544
14.2311
38.1934
37.3526
35.7665
37.8779
36.8752
37.1014
35.8577
33.4275
37.7202
34.5231
35.9257
40.7797
40.1262
37.5286
41.2486
35.6668
33.1819
37.3666
36.8973
36.93
36.2204
37.2391
36.018
33.3746
37.4513
38.4045
36.9466
35.3946
35.5609
34.7628
36.4661
36.2679
35.8756
37.7321
35.8147
35.2589
34.3038
36.05
34.0411
36.8439
37.6701
36.3219
36.645
37.4691
37.3842
36.8426
37.1557
37.32
36.1172
37.404
34.0455
36.1983
37.7182
34.4413
36.6238
35.9983
37.1569
37.5321
35.8341
35.8854
35.9892
35.1248
35.0329
35.2597
35.5393
37.415
35.2857
35.5013
35.8293
34.7222
35.6198
36.3827
36.3681
35.5251
34.9148
34.5847
36.5898
37.6843
37.6064
35.9223
35.4656
37.3737
36.5821
35.3566
34.9215
37.5636
34.8462
35.8653
35.9736
35.3221
35.1797
35.9429
34.7991
37.5915
33.6118
35.2911
34.2274
31.5755
36.0627
37.9831
39.5025
35.4355
39.1001
35.6002
36.3125
35.997
35.6366
34.0276
37.1787
38.0266
33.7332
39.3147
35.0933
35.9113
36.1893
35.8822
36.986
35.1287
37.2794
35.677
39.032
34.5629
35.8145
36.0404
37.5795
38.2184
33.5911
39.0885
38.8597
35.9707
37.306
36.7328
35.5087
35.464
38.3859
35.8014
35.6602
40.3165
36.1662
37.0369
35.6605
36.6833
38.102
35.7057
36.3678
40.1699
35.7111
40.1711
35.391
36.0882
36.5823
39.2567
36.7023
37.2839
35.947
35.3174
39.3573
35.344
36.5389
36.7931
37.3326
35.197
14.4007
35.3137
37.2173
38.261
35.267
36.9662
35.4426
37.5164
37.654
38.0818
32.6656
35.7735
31.6194
35.5881
36.2202
36.4405
40.5349
35.8839
36.6248
35.5576
35.5611
36.5897
37.1514
34.4883
37.5702
36.1352
37.6886
38.0876
37.4199
39.5863
37.1493
35.4395
34.9779
37.8088
36.6668
41.269
35.2925
36.5905
35.6403
35.7441
35.1409
36.939
36.0895
35.6791
37.6311
37.0873
36.1809
35.3563
39.8672
38.2951
35.7657
36.243
42.648
34.1529
39.9421
38.4521
38.5533
36.5215
35.8076
35.8958
40.932
36.1651
35.3185
38.7053
36.2381
35.4778
35.5278
37.0796
36.7561
36.2541
35.231
35.9242
36.9553
40.4981
37.4092
36.5581
37.0424
36.0456
36.4581
35.6382
34.9981
38.0469
37.9019
36.4649
38.0976
37.1744
35.3516
35.4695
37.6983
35.9821
35.4299
35.8706
34.0058
36.2909
38.3111
36.8212
36.4566
35.7822
36.7154
38.5765
35.9241
34.3196
37.5416
36.8116
37.0851
35.5847
37.3019
37.5511
36.8133
38.0299
35.7743
35.9112
35.8778
36.7797
36.5122
35.8735
35.402
36.9283
35.4567
37.6676
37.6556
34.6623
36.0101
34.1669
37.2122
36.4647
36.7681
35.4137
37.6393
35.5282
35.3729
36.1404
37.0209
36.4734
37.12
34.5622
35.7879
35.6589
36.3607
36.1759
34.0499
37.064
36.6453
36.2078
38.5789
35.5785
35.8155
37.7731
37.7579
14.4051
36.75
35.9387
36.4662
37.826
35.8258
35.9825
34.631
35.6586
35.3056
37.5178
38.1225
35.4599
36.5604
36.2611
36.4985
36.8497
40.7065
38.0653
35.8593
36.1286
40.5425
35.9911
38.6812
37.1171
35.2981
34.9949
37.2587
35.7288
34.1365
40.7542
37.0667
37.5982
34.4618
35.5524
37.679
36.1195
41.4637
35.754
37.1929
39.7352
36.9903
36.4968
41.6051
35.3526
35.9473
35.3951
34.2692
37.065
35.9129
38.0431
35.5839
37.6724
35.9378
36.1953
36.1577
36.2545
36.2332
37.0494
36.157
41.7543
36.837
34.8728
35.24
37.0597
37.9795
33.9922
34.9357
37.6317
38.0708
36.6149
36.518
36.403
36.4799
35.1927
35.6952
34.4538
36.719
37.0908
35.5701
34.4851
36.5115
34.2095
35.2731
38.4886
36.3184
36.1358
37.9447
37.8243
35.1633
36.922
40.2273
34.1634
35.0244
36.9152
36.0627
35.7521
36.4198
36.8931
37.6258
37.1163
38.9905
35.3369
35.6509
37.0012
36.1169
38.0205
36.3237
35.0768
31.9229
35.2297
37.7024
37.4674
33.0402
36.3023
38.1337
36.7421
35.1457
39.0012
37.8869
14.2455
33.742
36.6808
36.2662
34.7746
33.1066
36.7117
35.9513
37.372
35.5843
36.2276
34.7482
35.8889
34.8614
35.9572
38.7753
35.4189
35.4665
36.7845
35.9394
34.4574
35.887
35.4412
35.3397
37.9896
35.2189
37.9795
35.2611
36.8664
36.9626
34.7661
35.7775
36.0323
36.9937
37.036
36.6383
35.7689
37.0086
37.0112
35.8354
36.8282
38.9837
35.8097
36.2587
37.5432
38.318
36.7877
37.4651
35.4112
36.763
36.997
38.3566
37.4591
36.3603
33.9993
35.81
36.4772
35.6948
36.9312
36.3441
35.6481
35.8245
35.6425
35.204
38.4211
35.4715
35.5428
36.7389
36.4775
36.2447
35.847
36.795
38.3885
36.6478
34.5825
34.074
37.762
34.6542
34.4473
34.4987
37.1238
35.8669
36.5395
37.0367
40.5275
40.7268
35.8944
36.9559
34.6247
35.8453
34.9183
31.4731
34.7628
35.68
35.604
35.9383
36.1149
35.7862
33.5486
35.7456
35.4478
35.6773
40.442
37.2649
35.3532
35.4567
36.2665
34.2215
36.5287
34.6042
33.3218
37.8108
35.5215
36.7242
37.0684
36.037
36.9442
33.9276
33.9213
37.6839
33.4499
35.2265
33.8131
35.5854
35.5293
35.7129
36.1035
36.7082
34.6909
37.8122
34.3632
33.9064
14.3073
35.8486
35.1336
34.6463
34.0054
36.1074
36.997
37.7001
35.1
35.7144
37.4497
36.4584
35.2797
35.7489
36.3602
36.6581
35.5439
34.1562
34.802
38.0375
35.285
38.2854
35.8624
35.7457
34.0342
34.9747
36.2891
38.5169
37.0182
36.1531
34.1619
35.8822
34.1689
36.1688
36.8874
34.3373
40.7785
