35.5821
37.3296
40.1828
34.578
34.5979
36.6613
34.0489
36.508
35.8788
35.8675
35.8116
35.9581
35.3181
39.5722
37.29
35.4219
34.9929
37.1497
36.4912
33.5094
35.9187
34.304
35.7278
35.1517
36.0067
33.2781
36.3592
38.2006
33.6644
35.8891
36.1917
35.6221
36.0822
37.4614
36.4782
36.7235
36.7847
36.4849
39.1041
35.832
35.671
36.6201
35.646
37.5471
36.1107
35.6754
35.2521
36.7801
37.7701
36.0552
34.9727
38.2017
37.9462
36.1642
35.9115
34.228
37.677
39.7111
39.851
36.8439
35.1219
39.1223
37.2799
38.4353
37.1281
36.9788
38.3511
35.3193
36.5452
38.309
35.2507
36.9635
35.3323
36.4589
35.0671
36.1669
35.3337
36.5671
35.0799
36.0663
37.1613
35.6179
35.6847
34.8387
38.5169
35.6395
36.0232
38.4819
39.3188
39.8139
38.0163
38.3459
35.815
36.705
36.9635
37.2261
37.4511
35.7977
37.9021
39.1154
35.2578
36.5539
37.3607
34.5949
35.6595
39.3788
37.1832
36.8777
38.3894
39.7676
35.3611
38.135
36.0843
37.2931
35.9092
40.1492
34.4747
33.9807
35.5036
33.0957
37.0226
35.9099
36.1001
36.7953
37.7611
36.1159
36.6666
35.1596
38.4244
35.6365
36.9085
37.3483
35.7819
39.6678
37.2606
36.7183
35.4497
37.8041
35.9539
36.5318
37.568
37.7713
34.566
36.6418
37.1228
39.2837
37.1925
36.0827
36.9927
35.7787
38.2113
34.2941
36.9617
41.2741
34.1307
35.0079
35.5163
33.6821
36.6813
35.4316
40.3386
35.7015
36.5125
38.8553
39.9489
34.2875
35.8081
36.5781
36.0093
36.5273
38.0192
14.3596
35.0971
37.3966
36.3286
35.8203
35.1435
36.9522
34.2321
38.3907
37.3704
35.4274
37.1509
37.0406
35.705
34.9907
34.7397
35.2745
34.8209
35.3025
34.4939
37.1787
35.7745
37.0021
34.4738
36.2753
34.1599
36.5118
36.5045
36.4445
36.5347
37.5795
34.587
38.0525
38.641
36.5465
37.0106
30.938
35.95
35.926
35.1641
36.8428
36.0967
40.5342
35.9609
35.8514
34.0272
37.3279
35.417
37.6875
35.7168
36.8891
33.7737
36.3808
35.5063
35.8574
36.8417
37.4551
36.3357
35.53
33.1786
35.581
35.5589
35.4514
35.4593
36.3992
36.0737
36.8007
36.1039
34.8801
35.2952
35.5018
34.8652
36.3466
36.2127
35.532
37.1621
36.9041
34.9806
37.8081
35.2857
36.0059
37.5762
36.282
32.9065
34.7624
34.6981
35.7304
37.1511
36.0492
38.0938
37.2611
37.35
37.9618
35.3145
32.8905
36.9452
34.7596
35.5964
35.9627
35.6649
36.8732
35.4973
35.4626
39.0833
34.0397
36.8861
36.6118
36.1907
35.8399
36.7148
35.4994
34.5012
34.4483
36.5604
33.3753
33.145
36.1505
36.3103
35.517
35.755
36.2639
34.88
37.3886
38.4939
36.6998
34.1709
37.0006
36.2924
37.304
37.4527
36.1772
34.0562
35.6745
35.3812
37.2363
35.1972
35.956
37.0276
38.0167
35.7902
35.8428
36.7355
34.507
39.9162
36.3913
34.9537
34.5404
35.6371
35.8849
34.5219
34.2129
35.8405
34.2541
36.9104
40.2083
36.9623
37.3004
36.4007
35.3059
36.0015
33.976
36.3309
35.3485
35.8777
36.2695
34.5781
34.7222
42.0875
40.0936
36.176
36.7862
14.1848
36.4983
37.3202
39.2746
14.6566
35.2964
35.8643
35.1057
35.8258
33.5111
36.1105
36.9343
35.9492
33.7073
36.6976
34.2629
41.0458
35.5622
36.9373
40.5186
36.979
36.8575
34.9976
39.3759
35.7486
36.8529
36.1777
36.9034
34.5414
37.7165
36.7672
36.2416
35.8855
36.4362
37.9427
36.7972
37.1863
34.9298
37.1202
32.8781
38.9875
36.1246
35.9471
36.9626
35.7004
35.7987
36.8509
35.6672
33.943
34.6871
35.5999
40.7038
37.2957
35.6449
37.3352
36.1889
40.9247
35.2838
35.8633
36.688
38.9571
35.2717
36.0477
35.8839
41.3907
35.1998
39.5357
36.3966
35.509
35.4714
34.7914
36.0747
14.2301
37.4988
34.5562
35.6788
35.9016
36.1438
37.7677
35.4758
34.999
34.6118
39.6475
37.2623
36.8701
37.4045
34.9466
35.7301
36.8089
36.3253
35.8621
36.65
38.4076
35.2519
33.9376
35.7822
33.869
33.3065
35.1036
38.1984
37.0727
35.8661
36.8888
34.6635
35.2572
35.8654
41.3672
36.858
36.1804
37.052
35.9199
35.2093
36.4297
42.9097
40.8436
36.8558
37.0788
35.79
36.2427
38.1386
37.4243
34.7462
35.1267
35.3546
37.6738
36.1063
36.4367
35.4349
36.7683
36.8803
37.4057
39.4487
39.0246
37.5564
37.3532
37.3108
37.3758
35.7052
14.5841
36.1371
37.5522
37.511
38.9423
37.1447
36.4431
36.4042
40.3873
36.3828
36.4944
35.8309
34.9887
39.0314
40.812
36.9375
37.591
37.9943
38.1065
38.7081
37.2571
36.9073
35.5673
36.9474
37.1335
36.9491
36.9271
33.6902
36.527
34.5988
33.9394
35.5099
36.4539
35.2057
36.0357
35.9937
36.6821
34.314
35.2588
34.191
34.8484
40.0884
34.6409
35.5334
33.3766
35.9137
36.3301
36.5082
36.058
36.5768
37.6774
35.3493
40.039
36.4887
38.9617
14.1655
36.2445
35.9538
36.3805
33.5406
39.3679
36.6037
35.1102
34.4085
14.3397
34.6968
36.8394
36.6576
37.4528
35.9915
37.8277
36.2245
35.2119
14.3095
34.9822
35.0459
34.641
34.0566
38.2216
35.0717
36.2683
34.8856
36.7124
33.2463
36.1911
36.8574
35.657
34.8891
35.1599
36.914
35.1707
35.6154
36.1423
36.4549
35.619
35.8601
36.7367
34.4854
38.3597
36.2662
35.7577
40.6421
38.4456
36.8095
37.9462
36.8762
36.2674
36.8616
36.8451
35.963
36.3291
35.0665
34.5858
36.0077
36.4884
34.3974
33.324
36.2445
35.9829
36.5033
35.5088
37.1991
32.6833
35.851
36.92
36.4373
36.3893
37.1168
36.7106
34.6789
37.228
35.8102
36.9273
36.486
36.4949
36.6084
37.4688
36.3331
35.351
34.8652
35.2542
35.9601
35.6119
35.3212
36.0008
39.7519
35.2485
36.5917
36.4919
34.4771
36.0614
35.6538
35.7929
36.4722
38.3853
38.7916
34.5113
36.3263
37.1851
36.6561
36.9963
41.7156
35.5878
34.3833
37.2837
37.834
37.8987
37.3636
37.9262
36.1087
42.6285
36.7559
34.8528
35.6316
36.3039
38.0364
35.9158
36.4692
37.3903
36.4516
36.3281
39.9553
35.611
43.1688
39.0086
35.6451
37.4229
35.8769
35.2128
37.8983
35.475
36.1508
36.1659
39.2534
36.5318
35.4348
36.0151
35.6676
36.6559
14.0684
35.1894
38.0537
35.4296
38.012
33.405
35.5503
35.6602
41.6699
35.2841
36.5853
34.94
35.1137
37.3678
42.7305
36.5925
35.2355
35.2919
35.0739
36.3736
36.247
36.2499
36.4647
36.4519
36.0968
35.9936
35.8198
40.4686
38.053
36.901
36.7082
36.356
38.3118
38.0677
37.3185
38.9247
40.928
36.249
34.2467
34.555
35.71
36.2618
37.0645
38.686
35.7283
39.3097
38.9611
38.3426
34.5686
35.5989
36.9682
36.6352
34.9467
36.9481
37.0436
41.2142
36.772
35.8349
36.4588
35.6482
36.4576
37.025
36.4289
36.3919
36.1399
36.0323
36.1402
37.0525
34.8781
35.9573
37.3094
38.0478
36.0218
35.8654
36.5724
38.439
37.1704
37.0798
36.1188
33.9905
35.8354
36.5672
36.9223
35.7825
39.2981
37.792
37.4455
34.3166
35.4228
35.2347
36.1734
36.9708
37.0889
35.689
37.6102
37.2818
37.54
35.6937
36.4347
35.5745
35.4447
35.6038
35.5316
32.541
34.7054
35.5938
35.5507
35.0227
35.6893
40.6525
35.2763
35.7443
37.6129
36.9235
35.9145
37.8024
40.2907
35.0139
36.7637
14.4594
32.7484
35.2003
37.6572
35.3804
37.1806
35.6909
37.2003
37.3519
35.7456
39.0018
34.394
37.0182
35.1242
34.8882
41.6691
35.2698
33.0276
37.1214
35.2465
35.6479
37.7264
32.8684
36.0187
37.5813
34.6702
36.6789
37.5038
34.9562
14.1594
35.4685
36.5143
36.9031
34.8002
13.9876
36.4347
34.6584
35.7539
35.9257
14.3288
34.8774
35.3057
35.7953
35.2426
35.4726
39.8026
36.7664
37.7271
36.9218
34.6308
35.1845
36.042
38.0239
34.6705
34.6608
36.3499
34.8588
35.8664
35.6664
36.1935
36.6919
37.016
36.0575
36.8682
39.9385
39.8674
38.8244
41.6502
38.2883
36.1994
34.6741
34.8532
35.4025
37.0834
35.6713
37.4816
35.6236
36.8205
34.8645
40.5854
36.3976
37.1694
35.8392
36.3954
36.9067
35.9139
37.3483
36.4077
40.271
36.979
37.6648
36.4636
35.9724
37.5995
35.4783
35.5907
35.3028
35.9115
38.5386
36.938
34.343
36.1397
37.6742
40.0088
37.2193
35.483
36.5188
36.1381
36.4431
37.0436
35.8706
36.3189
34.8353
38.7499
33.7115
34.0051
36.4637
38.0288
38.5178
35.3327
35.1011
36.1008
35.7074
35.4726
36.5751
36.63
40.5431
36.3707
35.9437
34.4237
34.9757
34.7705
36.245
38.5258
36.0809
36.3456
35.1806
32.8357
36.9341
37.368
36.2188
33.7568
39.1466
37.6028
35.2207
36.8815
35.2105
33.8165
36.4357
38.3426
37.228
38.204
36.2751
37.2973
34.4427
35.3468
37.7157
35.579
36.0049
36.4168
36.2654
37.145
39.2925
36.5454
39.8818
36.601
35.4652
35.847
36.1291
37.657
37.7181
36.0716
36.7008
37.291
32.7894
35.5339
36.9377
35.626
37.115
39.9505
37.9631
36.4302
39.7612
35.9255
38.0507
37.6348
34.0981
34.5937
36.8608
36.1374
35.213
36.1169
35.5824
35.7449
33.7557
38.8044
34.7332
34.7844
34.9403
35.8572
33.5586
35.6633
