118.449
133.812
133.323
134.212
134.125
134.028
130.42
123.994
134.141
133.844
134.092
134.045
122.833
133.738
124.106
114.26
134.147
133.689
121.204
134.229
134.497
133.423
126.7
133.892
134.383
133.94
133.538
133.566
118.289
133.887
134.106
116.681
134.145
133.79
128.672
134.301
134.305
133.777
133.929
134.444
134.52
116.822
133.448
134.338
124.32
133.912
134.099
134.412
134.069
112.066
134.844
111.387
134.357
133.855
134.226
134.044
133.311
118.455
133.982
133.913
123.398
134.035
133.942
134.3
134.198
134.301
133.378
134.167
134.044
133.142
134.506
133.539
36.477
134.279
134.997
113.382
134.533
115.593
134.787
133.323
134.616
134.044
125.392
134.698
133.741
133.913
134.442
134.31
134.234
133.706
115.445
134.495
131.821
133.14
128.554
134.142
134.108
133.8
109.136
134.804
111.882
134.123
119.208
133.53
112.201
121.711
133.559
133.522
133.735
134.966
134.098
134.016
118.226
125.261
134.385
134.272
134.236
134.179
135.027
134.376
134.148
134.193
134.031
134.303
115.6
121.021
133.619
134.818
133.96
125.691
133.827
133.311
133.226
129.973
133.595
135.062
134.064
127.985
135.107
134.686
120.311
132.097
120.187
135.298
134.778
134.565
121.787
130.049
133.828
134.627
133.734
133.606
113.603
121.991
133.858
115.545
111.09
134.407
135.034
114.947
134.142
117.865
119.566
119.194
134.124
108.836
133.583
134.062
118.723
134.129
131.847
133.839
133.702
124.689
134.554
134.274
123.286
134.151
117.582
125.823
123.868
128.756
128.594
134.444
133.889
133.513
118.979
126.769
131.195
123.911
134.045
133.291
133.734
116.755
133.371
134.236
133.962
134.279
127.187
134.215
134.314
133.999
133.551
134.504
134.47
114.355
134.706
117.661
134.766
134.193
111.036
134.292
134.753
133.569
134.559
134.347
116.735
134.32
134.017
134.938
119.651
134.561
134.419
135.328
134.36
127.539
134.529
134.179
135.042
113.524
134.428
129.916
134.165
134.704
134.151
134.826
133.045
118.283
134.444
134.236
134.458
134.266
132.723
114.761
134.138
135.377
133.606
134.212
134.139
129.549
133.848
133.605
134.528
134.103
134.091
134.27
118.158
133.867
133.797
111.28
133.063
134.169
134.839
133.864
133.647
33.8739
134.264
134.589
134.223
134.256
123.063
134.031
133.892
119.804
114.92
134.606
134.233
119.483
129.132
121.113
133.813
133.842
134.038
134.45
134.012
133.487
133.477
134.149
133.958
133.555
133.99
134.039
134.424
134.718
134.291
134.432
113.701
120.12
133.93
126.434
133.257
134.659
134.279
112.798
109.778
134.669
134.546
134.438
134.162
118.989
133.996
134.141
120.75
127.817
134.175
134.047
133.202
134.574
118.477
133.934
128.46
129.8
133.343
134.216
134.185
133.447
133.76
134.289
134.083
135.124
133.748
122.459
134.439
135.403
133.747
133.99
124.653
113.468
130.231
119.391
112.235
122.785
110.205
134.075
117.124
118.873
133.829
131.413
111.375
133.566
134.114
133.196
134.53
133.821
114.026
134.261
134.72
134.073
108.897
134.521
133.945
124.357
134.244
131.698
133.935
134.519
118.994
134.373
134.475
134.262
114.889
134.334
116.393
111.906
134.653
129.162
133.643
114.936
133.699
134.275
135.058
133.401
134.355
134.259
122.608
118.653
123.463
129.875
113.046
133.862
125.067
121.466
134.658
133.822
133.722
133.434
132.358
129.959
133.602
110.542
134.132
112.099
133.944
118.198
112.442
133.712
134.026
112.861
116.32
123.26
134.481
133.861
117.825
132.753
121.145
133.994
134.439
134.276
133.664
133.797
134.676
134.842
122.063
134.219
134.283
126.973
111.651
133.967
114.561
134.373
128.544
133.209
134.276
133.901
134.193
134.197
129.078
133.623
133.775
115.606
133.961
132.724
112.405
134.453
132.559
133.54
134.338
130.027
115.985
133.931
134.414
133.75
134.041
110.064
134.077
133.837
134.526
133.911
123.674
134.241
134.094
121.268
116.338
134.575
134.278
135.178
134.37
134.543
134.408
122.893
126.757
110.731
120.422
134.074
111.756
133.221
133.642
54.7901
118.952
112.447
134.691
134.505
134.222
127.097
134.117
134.471
116.809
133.718
134.589
134.268
125.186
134.19
129.22
133.915
134.409
133.527
134.144
134.083
133.904
134.836
133.552
123.789
134.468
134.653
130.08
131.977
134.333
129.852
110.744
134.382
134.009
134.162
119.8
110.085
133.708
133.639
134.12
134.15
132.678
133.405
134.455
134.943
134.45
134.218
134.316
134.271
134.184
134.09
133.764
134.403
119.885
133.959
120.24
114.629
134.115
133.978
121.397
133.029
130.102
133.682
115.256
135.086
133.619
112.133
112.221
134.91
133.328
127.597
117.453
133.95
134.156
134.014
134.915
115.595
134.332
134.187
135.06
134.322
134.337
113.252
132.703
133.654
134.342
133.808
133.795
125.807
134.043
135.16
134.157
134.501
134.327
128.168
120.019
133.928
134.03
123.39
131.168
128.782
134.451
133.575
123.639
134.06
109.578
134.232
120.299
133.51
134.984
122.313
134.267
113.115
134.034
133.225
133.823
118.062
115.886
134.144
134.058
134.98
134.247
134.205
132.274
112.867
133.834
135.566
133.924
134.547
134.317
134.29
109.894
134.492
134.489
134.173
134.188
134.142
133.76
134.408
118.069
112.158
121.308
109.378
134.498
126.955
133.583
133.773
133.066
134.019
127.325
135.196
133.923
123.15
134.356
133.896
134.147
134.192
134.324
134.172
134.205
135.425
134.203
111.43
134.439
134.026
133.962
133.942
133.57
120.804
111.901
120.102
117.156
133.715
126.274
134.279
135
111.587
134.764
134.252
121.351
133.747
122.102
134.46
134.426
133.234
131.333
134.95
125.949
123.246
135.21
133.72
134.084
124.056
134.309
133.91
134.324
133.994
134.122
121.662
133.606
133.871
134.668
133.584
134.152
133.455
134.43
134.008
134.341
134.608
134.039
134.442
134.189
122.769
119.279
134.412
133.067
133.911
134.145
134.159
135.237
134.162
113.223
134.16
131.085
133.343
116.662
134.383
119.503
134.061
134.459
134.349
134.265
133.946
114.242
133.76
134.028
131.358
130.65
113.598
131.688
118.786
126.349
113.635
134.163
119.023
133.201
134.861
134.685
133.525
129.958
113.137
110.409
126.263
130.582
134.285
134.801
133.751
112.889
116.206
134.257
120.832
114.771
133.669
134.836
134.189
134.485
134.703
113.606
134.588
134.117
122.265
134.443
130.648
134.325
129.958
133.611
123.829
131.801
134.252
133.948
134.138
125.188
134.922
126.608
117.379
133.454
134.615
134.322
134.28
133.828
133.688
133.751
135.598
134.173
133.819
134.835
134.219
129.844
135.769
126.512
115.205
134.02
134.363
134.107
134.507
134.065
133.882
114.779
126.21
128.115
134.971
135.031
132.531
117.839
133.976
123.174
119.689
112.592
123.191
122.405
135.155
133.688
117.369
133.807
112.588
134.184
134.424
134.407
125.859
133.989
133.455
117.334
134.54
112.225
133.952
133.109
113.459
133.226
129.52
133.202
133.884
129.98
134.365
115.033
133.428
129.458
128.118
118.394
116.505
123.976
134.498
133.878
134.251
121.306
119.235
122.256
134.039
134.026
134.263
134.444
125.968
124.521
126.023
134.271
132.658
112.441
133.868
117.298
122.932
135.115
119.364
134.321
134.578
116.456
135.06
113.894
111.096
112.842
114.833
134.334
110.806
113.431
116.453
133.605
134.492
111.397
133.803
131.526
134.928
134.056
135.285
134.327
133.734
134.256
113.957
134.099
128.563
135.103
133.598
122.253
129.229
133.902
133.928
134.143
134.154
27.921
133.462
119.619
133.724
115.534
113.73
117.493
134.016
133.453
133.857
134.505
131.256
121.059
134.024
133.72
133.86
126.312
134.47
134.363
128.893
134.212
132.457
134.079
130.713
134.658
111.21
127.471
134.634
133.733
133.772
134.897
134.952
134.207
134.272
134.954
134.236
133.348
133.278
133.972
111.548
115.774
134.023
133.969
134.56
134.403
133.607
133.982
119.177
133.99
118.592
118.632
134.475
128.135
133.661
110.296
133.728
134.189
134.398
116.058
134.658
133.374
134.114
118.821
134.224
125.683
133.054
134.753
134.134
131.481
134.59
133.703
133.704
134.226
134.218
135.044
134.819
133.444
133.929
133.571
112.997
133.174
134.408
133.734
133.921
135.28
133.706
134.504
133.828
134.007
133.29
116.963
121.321
134.276
127.349
134.138
116.123
127.611
133.774
134.12
123.229
116.897
135.044
135.471
131.484
134.414
116.114
130.546
134.214
127.548
124.807
127.309
134.547
134.343
134.632
111.07
110.493
131.031
132.403
