39.2866
34.5189
38.6417
34.0295
35.0806
36.6873
36.5415
36.1688
34.3162
34.525
36.212
34.0288
36.1262
39.2837
34.1486
35.4502
36.6373
34.0827
34.6891
38.7164
36.5328
39.3196
37.5634
38.6444
41.1349
34.761
35.9379
34.5837
34.6196
36.1981
35.2549
34.8702
36.4679
39.9698
34.3907
35.8033
35.0083
36.1399
37.8122
37.3049
35.2777
35.7389
36.3466
35.9732
40.5113
34.8455
38.993
35.1979
36.1273
35.1752
34.0869
37.2971
36.3911
40.6634
34.082
35.3979
34.5083
35.9932
35.0332
33.8191
35.47
36.4098
36.8365
37.2041
38.0699
37.1619
37.0654
35.8219
32.9866
35.3056
34.8956
35.4662
37.5365
37.6161
34.1443
34.8718
35.9958
35.9798
35.8232
36.5479
36.1206
14.3137
36.4839
35.7692
36.1701
36.7544
36.6755
36.6495
36.0424
37.7067
35.0185
35.7111
37.1789
37.1071
37.615
35.6754
34.977
34.6506
34.5931
35.5047
34.9211
35.7467
36.5457
35.947
36.6932
34.1683
35.548
35.774
37.1101
35.8723
36.5165
35.7245
35.0071
35.6864
35.2966
35.8258
35.1607
36.2753
34.7643
35.1625
37.9963
38.204
34.4341
13.7068
36.0451
40.7197
32.6361
35.969
36.2669
37.191
33.9002
35.5861
34.6924
37.5668
39.2546
35.0754
35.7759
37.3708
34.588
37.5523
35.7012
34.8906
35.9594
36.5572
35.9881
38.1128
35.5466
34.5687
36.7424
36.9275
34.4935
37.8951
38.1292
33.8182
32.9157
34.855
35.5016
35.8049
35.3139
35.9239
41.9169
34.5012
36.5979
35.0401
33.8324
36.5925
33.2604
41.4437
37.6193
38.1805
36.5626
36.0026
37.1764
35.9071
35.2293
35.4511
36.4554
38.8582
36.1334
37.1509
37.5979
36.3918
35.3252
36.3387
39.4417
38.361
35.9793
35.4593
35.3593
36.0321
35.9926
36.9329
33.615
36.5915
37.3213
33.7548
36.6294
38.7909
35.4141
35.2021
35.0897
38.9884
39.0012
35.3354
35.5025
35.9124
36.6041
35.2186
35.5145
35.82
37.118
35.6381
36.3569
36.266
37.7531
33.3271
33.8276
35.2307
37.2818
35.8022
14.3751
35.2325
35.4648
34.7038
41.1161
38.2263
37.2439
35.0132
39.6363
34.3985
37.3392
33.243
36.4262
35.8386
37.8964
14.0656
37.2964
33.6099
34.902
38.3835
35.9685
35.5322
38.9579
33.872
36.375
34.3513
36.3453
35.9617
37.8775
37.259
40.8634
35.9725
35.2546
35.7975
41.4194
33.6663
36.0261
35.4969
34.2404
36.4425
37.8659
39.2453
36.1939
33.6127
34.6846
39.4073
36.0266
35.2913
35.8258
34.9641
37.1355
35.7237
35.6888
36.1566
40.201
40.0589
36.8182
37.1638
38.0507
35.7588
34.9196
37.29
36.6712
38.4978
35.4648
35.4462
35.3037
35.3544
36.3836
36.3752
36.0537
33.3874
35.3184
35.9232
35.5129
35.5245
37.1199
35.5475
37.6471
35.8748
33.9419
36.0206
35.0146
36.0991
39.069
37.4895
39.8198
35.3518
35.3704
35.9882
37.0377
36.8791
37.2663
36.1731
34.3065
37
37.492
35.9065
34.0568
35.3712
35.3277
36.3209
37.1416
35.6138
36.8294
35.2348
38.4408
36.2399
34.0765
35.8052
36.6826
36.5103
33.9789
35.2689
37.0977
36.643
36.4216
39.3821
35.5401
37.3307
35.7347
34.9132
36.929
34.88
36.2637
36.8675
37.1701
35.0671
38.7209
39.9622
34.5795
39.4691
36.3313
36.7985
36.921
36.0859
40.2394
34.7949
37.1283
36.0651
34.4234
35.4084
36.3875
37.3825
38.6628
39.1558
33.624
34.7924
35.9803
38.5514
37.4783
36.8072
34.1848
35.5896
36.5295
36.077
34.681
35.1386
37.1673
36.4073
37.1002
35.3188
35.9719
36.5566
34.8873
38.4209
38.6739
39.1617
35.3513
37.8195
36.3293
36.8109
36.9068
40.4756
34.3328
37.8634
33.9281
36.355
34.7412
39.8337
36.923
37.7417
36.7478
40.7363
32.1212
33.0841
35.0016
35.1879
38.8712
34.4581
33.2817
37.154
37.6263
37.4379
35.766
39.91
40.3871
34.8824
38.2331
35.4918
35.5286
35.4513
41.3959
34.4036
35.3139
36.8495
35.9097
37.3608
36.8834
35.9829
37.135
34.8862
36.4199
36.8222
36.6064
35.2847
36.0719
37.8056
35.8412
35.8181
35.2581
34.4283
37.4784
37.7188
43.8363
39.1462
37.353
35.9919
34.8891
35.6144
35.9913
37.5291
36.952
34.4643
36.0882
34.8924
36.2906
37.2297
37.5963
34.955
36.684
36.5912
34.8984
35.5263
37.1873
36.284
35.6797
35.922
36.9247
32.5896
35.5145
35.9741
35.6606
41.9498
35.7905
35.8909
36.1713
36.3209
35.9858
34.6814
37.3704
37.3994
35.6409
35.4954
36.018
35.1469
14.3554
38.392
37.784
39.7058
38.8634
36.1971
34.5198
38.733
34.5929
32.6463
36.0145
36.433
40.7301
37.3561
35.7379
36.3588
33.2773
36.9911
37.5043
40.2384
36.0321
39.3873
36.2426
36.5364
35.152
34.62
36.5592
36.4882
34.7578
35.2731
33.7099
36.141
34.3273
34.3457
36.7831
36.2739
36.4505
36.5708
34.8329
36.223
14.1804
35.5363
35.4057
39.1072
35.8211
38.7482
36.1703
14.3129
34.6124
35.5295
36.653
39.6825
36.752
31.7036
36.0077
36.3668
36.6263
36.3575
34.7986
35.5837
33.8685
34.0946
36.2654
35.0834
14.3139
37.2651
34.1577
35.4514
36.623
35.5999
35.0116
35.0763
36.0433
37.1566
35.004
36.9971
35.0742
37.1094
36.1623
36.69
36.2746
35.8389
35.9691
37.6267
37.6117
35.5513
35.7011
35.1383
34.9231
35.3493
37.9663
35.4869
33.1156
35.9076
40.2048
36.8711
36.099
35.9915
35.2187
36.5143
34.9231
36.4887
35.2813
40.4938
41.1176
36.0289
38.2367
40.0918
37.3951
37.7786
34.3581
36.2052
36.3942
38.5691
34.1239
34.3242
36.9275
35.9307
37.0136
33.8657
35.3198
36.257
39.6232
36.1388
36.0059
39.4176
36.9128
35.2113
33.8298
36.8141
32.826
36.7715
38.2971
35.8593
40.1129
36.4365
34.4871
35.6022
36.0442
36.6032
35.7038
35.1111
34.1386
34.8129
34.8182
34.4538
35.5131
37.3741
37.7588
36.1097
37.1269
36.6539
33.5747
34.1122
34.5932
37.2254
33.2847
36.8896
36.5215
35.1064
38.336
38.3918
38.1823
34.3638
37.3065
36.8709
35.0405
14.1302
34.7732
35.5445
35.582
35.3774
38.9465
38.4464
36.9708
36.9477
36.2472
35.3615
35.2729
36.8431
34.2702
37.62
36.6029
34.8117
36.8372
36.5597
36.5855
35.3096
33.862
39.2382
35.7211
39.9303
35.6144
35.0454
34.6439
35.0846
32.9164
35.6306
35.1605
38.8905
34.6274
34.9258
35.7604
13.91
36.2094
35.9835
36.9351
40.8307
34.3058
35.1468
37.9001
36.6399
35.8116
36.3428
37.5129
36.4832
35.3017
35.024
36.9889
36.8888
37.6115
39.1164
36.2256
37.4266
39.2118
36.6093
35.9868
35.5248
33.9876
35.0817
35.4967
34.3826
33.7011
35.1907
35.0496
33.7898
33.8663
35.3054
36.6584
36.4365
36.0164
33.8141
34.0618
35.2003
36.6796
37.5823
35.1207
35.7141
33.4331
35.5567
35.4932
33.5776
35.2398
34.4233
35.1093
32.1374
34.7292
35.6482
41.5192
35.5642
35.2724
36.4779
34.9278
38.4954
33.5059
33.8861
35.8306
34.6902
34.9176
35.5353
34.1529
34.8276
35.7571
34.4076
34.7471
33.8888
33.7526
36.5382
36.3526
34.6745
35.7009
34.2018
32.6743
35.7254
34.8409
35.8759
36.7525
40.5846
36.8109
34.9244
34.2721
34.2048
36.5632
37.2417
37.4316
14.7957
34.8914
35.1238
36.2518
35.3333
33.2867
34.4724
36.3693
37.0367
37.744
35.8619
35.4447
39.5138
36.2739
36.3115
33.5739
40.605
36.8915
38.4176
38.6709
35.6861
35.5774
35.0116
35.368
35.7945
35.3385
38.9738
37.1744
39.2524
38.6078
37.8953
35.7299
35.0611
37.9147
36.5177
36.9215
35.9215
36.5798
36.7311
35.4818
34.4798
37.0855
35.6443
38.4675
39.7488
34.7338
35.8455
37.3676
37.8867
35.0833
36.3851
36.5303
33.8745
34.4351
38.5141
34.771
32.3258
35.309
38.1052
35.3993
37.8644
37.3331
35.5997
35.2074
34.7335
35.2286
33.7179
36.213
35.1699
34.5675
36.2288
35.1856
34.7962
14.0392
37.2297
41.9738
13.8808
35.3801
34.7932
34.779
35.5082
35.864
36.4053
36.6754
35.2645
35.2569
34.7239
35.9342
36.4029
36.2725
33.7368
33.9507
38.7522
37.7364
36.5087
40.2613
36.5308
35.1434
38.7374
35.7049
38.0429
34.9186
36.0815
34.5264
34.6386
35.8317
33.8369
35.2983
36.4307
33.261
34.8967
34.7379
34.3777
37.3652
35.1834
35.5297
35.6762
34.8168
36.7247
36.4892
34.0459
37.1898
35.6592
14.1848
34.9516
37.2462
34.3483
35.4323
34.6187
36.4234
35.7489
34.3674
40.0896
36.1903
35.6341
35.7331
36.1415
35.1972
36.9513
33.97
13.7093
36.3785
40.5809
36.7259
34.8966
36.2006
35.8683
34.9435
34.8312
34.3436
33.8606
35.6427
34.9228
33.9674
35.3376
37.5375
36.7505
35.0166
36.7272
35.501
34.1701
36.2509
40.1252
35.8632
36.9942
35.204
37.7875
39.8353
34.4835
34.7444
34.956
36.1056
37.6689
34.7648
35.4508
34.9571
34.1872
36.2357
35.1302
35.7551
35.5695
35.4197
34.8173
34.9136
35.5866
37.3469
34.5622
34.0036
33.9625
36.985
36.2422
34.8324
37.2682
33.9746
33.6522
35.7087
34.3991
32.8934
36.8852
35.0047
35.8653
35.6869
35.3819
36.0633
35.9483
34.3482
40.5538
35.8802
34.699
33.4485
33.871
36.631
38.0733
33.1767
36.5375
36.5282
35.5796
40.675
38.2389
