116.27
133.737
134.099
133.649
118.547
123.994
127.939
133.899
126.547
133.711
133.982
110.907
133.545
132.184
28.1281
108.806
133.632
135.136
133.011
133.753
133.447
133.944
134.681
115.256
133.668
133.289
133.504
132.881
133.7
133.117
132.824
124.87
133.286
133.423
133.628
131.229
132.903
133.609
133.688
133.558
115.926
133.646
132.509
123.191
134.148
130.56
133.457
134.19
133.441
110.636
128.423
124.138
114.741
133.252
133.992
116.336
133.617
134.136
133.608
133.899
132.913
133.659
133.515
134.393
116.967
109.863
125.703
133.69
133.203
119.158
133.431
127.173
133.787
131.108
133.577
115.173
125.299
119.721
133.085
133.593
127.055
133.823
133.88
117.702
133.583
109.171
124.354
132.736
132.908
133.469
120.888
129.294
133.943
133.218
134.117
27.8356
133.721
133.737
127.997
132.863
128.513
109.939
120.118
133.774
134.203
133.345
132.998
134.299
133.646
133.666
133.649
133.128
132.936
129.766
133.31
133.859
132.548
134.01
134.101
131.99
128.478
130.62
134.508
134.273
119.888
134.076
119.427
134.46
117.437
133.168
133.52
122.561
113.863
133.966
133.328
133.58
133.476
125.803
112.29
133.239
133.472
131.921
134.115
121.513
134.676
134.139
133.422
133.189
133.202
134.113
134.087
110.229
108.674
122.421
126.091
133.109
133.582
134.444
121.356
130.913
133.655
127.432
132.581
131.536
134.136
131.467
109.549
134.163
133.771
110.18
133.073
113.685
133.173
133.536
133.547
133.607
132.79
133.258
110.341
133.396
133.316
133.241
132.459
133.544
129.882
110.561
114.47
115.504
133.961
134.31
112.766
114.157
133.876
110.087
133.89
133.505
109.347
28.1166
133.415
133.461
113.137
116.518
132.875
132.968
128.997
133.73
119.581
133.517
133.42
133.251
109.779
123.361
134.044
119.275
133.166
128.183
123.349
119.488
133.836
133.609
133.211
133.43
27.7231
134.148
134.162
133.678
133.581
133.549
113.75
129.439
118.599
118.029
133.145
134.628
112.874
133.348
123.921
122.071
133.421
133.302
115.411
133.953
133.184
133.661
133.439
133.31
125.759
133.286
133.787
132.993
133.381
114.181
133.216
118.352
134.385
117.474
118.492
133.427
111.499
133.034
109.715
129.191
133.221
110.392
110.097
27.7314
132.543
133.33
133.527
133.438
133.136
131.043
133.265
133.319
112.834
133.503
134.39
133.956
123.683
133.165
119.176
121.525
120.501
133.577
133.046
132.983
134.394
118.212
131.136
119.925
133.399
133.77
111.322
117.327
132.352
133.431
128.06
114.222
129.615
132.805
114.816
134.137
128.254
120.187
130.082
133.968
129.231
134.21
117.614
133.403
133.821
133.403
133.317
133.345
133.221
111.005
26.554
123.024
120.72
132.924
133.919
133.979
134.488
133.805
28.0314
131.868
133.556
133.143
133.592
133.595
133.248
133.616
120.417
133.647
133.864
115.496
133.345
116.436
125.753
132.137
133.477
123.491
133.396
133.962
133.023
133.491
120.751
132.637
133.195
109.609
132.19
133.076
116.764
133.453
120.064
112.561
135.208
133.076
133.885
133.799
133.616
133.306
132.803
133.81
133.115
130.004
133.68
133.925
133.303
133.352
129.101
133.569
134.072
133.902
133.313
133.408
134.483
116.052
128.265
133.339
130.618
129.877
125.762
133.954
134.657
112.146
133.965
133.53
119.574
111.266
133.742
133.449
133.584
133.726
133.243
134.613
133.875
115.78
124.455
133.269
133.495
114.137
114.511
131.807
128.44
133.95
125.069
133.396
134.83
130.669
124.055
134.51
120.869
133.778
113.978
119.97
134.009
133.663
131.435
131.485
133.748
133.478
133.492
133.876
134.132
130.529
111.31
133.375
115.853
133.428
133.54
127.942
132.219
128.746
133.524
109.004
129.98
132.669
22.2811
133.124
133.093
133.507
133.565
121.049
130.386
133.381
134.027
134.346
133.589
133.953
132.168
115.143
134.982
132.842
133.343
133.097
124.922
111.845
112.473
127.847
133.094
132.628
133.676
127.876
123.584
133.89
114.632
133.892
133.315
132.834
118.1
132.72
133.828
133.428
133.49
133.71
27.7885
114.827
114.965
110.537
133.997
133.576
130.108
134.06
134.755
132.925
133.542
111.232
133.684
125.094
133.423
133.093
133.405
131.87
132.501
109.765
109.289
132.808
133.963
133.34
131.482
110.893
130.003
133.311
134.021
118.763
133.682
134.015
133.846
133.327
124.219
133.773
116.016
111.941
133.636
132.618
134.01
134.089
111.154
133.168
133.07
134.16
133.443
133.441
133.774
133.809
113.727
132.877
115.146
110.703
113.65
133.198
108.559
132.521
121.714
116.77
133.725
126.79
133.213
112.028
133.562
133.954
133.342
133.283
133.614
120.565
120.241
133.177
124.95
133.499
115.797
133.681
133.153
133.404
109.125
133.567
132.94
133.43
133.499
113.726
132.916
133.888
128.082
108.436
115.697
133.795
133.904
133.724
134.59
132.736
133.657
133.692
133.428
130.743
134.065
126.768
133.028
117.885
133.815
133.552
118.742
133.451
110.836
134.224
133.151
133.747
131.253
133.248
125.395
134.714
132.791
133.273
133.227
132.539
133.577
132.854
124.526
119.535
133.388
133.784
133.013
117.467
111.757
133.1
117.555
133.316
133.617
134.252
133.869
126.151
133.594
132.833
121.922
133.059
133.043
134.352
133.664
133.362
132.486
133.557
133.278
133.091
132.956
133.117
128.175
134.142
120.932
133.683
133.131
123.44
133.987
133.275
113.749
134.232
131.559
133.731
115.137
132.849
108.152
133.484
127.695
134.001
133.64
124.148
133.242
133.366
133.458
134.225
120.015
116.609
133.741
133.082
110.177
134.193
133.117
133.445
133.833
133.91
133.213
120.23
133.601
117.358
110.649
133.385
133.577
124.7
131.185
117.157
133.629
123.667
134.83
115.471
133.6
109.698
134.832
124.337
125.115
115.368
133.303
119.806
132.98
125.675
119.73
133.932
131.502
134.656
134.313
129.487
133.717
128.961
133.299
133.133
133.301
113.177
116.381
133.502
131.756
133.161
133.434
133.928
130.155
110.715
134.64
134.057
109.156
133.715
133.136
134.797
127.516
133.361
134.055
133.947
134.201
133.153
128.737
117.472
133.866
131.586
133.703
112.188
123.395
132.445
133.035
132.511
112.437
133.683
133.37
116.379
133.364
134.289
133.756
134.184
133.287
133.438
28.0278
110.165
114.512
133.132
133.083
134.539
133.27
118.188
122.01
133.532
127.195
133.081
126.537
133.62
133.287
133.495
132.672
132.102
122.74
133.648
133.259
134.59
133.464
130.981
122.501
133.396
133.296
121.569
133.11
133.66
133.261
125.279
133.725
133.176
111.795
27.8875
134.694
133.361
132.703
122.254
111.792
133.837
133.024
133.467
112.289
118.796
134.762
133.221
120.699
127.946
129.687
116.651
132.952
133.964
133.911
118.603
116.652
125.165
133.428
121.914
133.697
133.195
27.8397
133.298
109.721
117.45
134.507
112.901
134.61
126.527
122.048
133.243
116.614
131.499
127.437
132.963
113.234
121.79
122.361
134.496
131.961
132.663
109.214
117.006
133.418
121.422
111.492
133.135
113.116
120.173
134.244
133.263
132.913
133.456
118.168
133.374
133
133.082
134.394
133.188
110.643
133.632
108.685
127.019
133.396
115.808
133.5
133.743
132.784
117.903
134.098
117.948
133.293
112.95
134.092
133.367
133.611
133.819
133.527
133.663
133.331
112.96
113.843
133.048
134.006
133.71
119.302
118.061
113.364
130.615
133.442
133.482
133.896
134.069
118.454
133.054
133.719
114.368
133.938
115.086
132.918
113.257
133.417
133.48
134.327
129.049
133.511
133.833
120.871
133.438
117.735
133.592
132.961
132.697
114.668
117.646
124.787
133.448
133.916
118.076
132.387
133.981
133.323
133.593
130.203
134.862
133.7
133.637
119.421
133.444
133.513
134.093
133.77
133.205
133.64
133.514
134.088
133.281
130.447
134.345
133.394
133.097
120.76
117.637
116.831
110.848
132.727
134.153
125.911
133.38
133.552
133.83
133.664
133.595
109.377
114.841
133.063
133.726
133.496
132.515
132.896
132.385
133.047
135.138
130.509
134.241
131.56
113.546
133.496
113.967
133.622
133.235
133.887
133.452
116.871
133.748
122.309
133.783
133.64
134.094
109.826
132.922
133.286
128.569
128.503
133.412
130.992
129.159
134.639
133.526
127.825
133.307
117.842
132.97
133.814
133.282
131.175
133.734
133.598
132.912
134.051
133.279
134.54
133.329
133.606
133.493
134.252
133.968
133.442
110.363
119.731
133.233
133.726
28.1457
133.23
134.521
132.972
116.324
134.006
127.049
133.861
123.575
114.225
133.939
132.846
132.179
