1.69348
1.67888
1.66996
1.68548
1.7052
1.691
1.67806
1.67652
1.68374
1.68851
1.67089
1.68597
1.68121
1.68286
1.57664
1.67646
1.67927
1.69122
1.70066
1.68741
1.69609
1.67648
1.69198
1.69109
1.69651
1.68902
1.68832
1.69038
1.69543
1.68842
1.70214
1.68981
1.68491
1.46024
1.69118
1.6861
1.68601
1.68557
1.68703
1.66697
1.67952
1.56937
1.69272
1.69702
1.67994
1.68722
1.67471
1.69297
1.68728
1.69341
1.67731
1.69575
1.70133
1.69569
1.6843
1.68996
1.6818
1.68029
1.67859
1.68658
1.68497
1.69978
1.69335
1.70046
1.57288
1.68084
1.69775
1.67844
1.69361
1.68018
1.69163
1.68042
1.6974
1.69004
1.6975
1.70274
1.69189
1.69439
1.69507
1.68565
1.68902
1.67762
1.57224
1.68228
1.69754
1.69003
1.69304
1.69116
1.69153
1.67868
1.7006
1.69442
1.68733
1.68821
1.67144
1.68301
1.68965
1.68577
1.68127
1.69314
1.69051
1.69551
1.6935
1.68869
1.70052
1.68363
1.70096
1.46065
1.70562
1.47718
1.69249
1.50592
1.69313
1.70139
1.68456
1.69327
1.67697
1.47377
1.67762
1.50607
1.68809
1.03545
1.70525
1.67863
1.50846
1.68328
1.68622
1.68584
1.68844
1.38344
1.70381
1.67321
1.70616
1.69519
1.50903
1.6858
1.68183
1.67843
1.69293
1.51465
1.68724
1.69672
1.39974
1.57223
2.03997
1.68704
1.67215
1.69268
1.68127
1.69248
1.51148
1.67118
1.4113
1.56942
0.791515
1.6806
1.68443
1.68237
1.69766
1.67379
1.69196
1.69474
1.69776
1.70215
1.69055
1.69018
1.68834
1.69331
1.6826
1.67506
1.67788
1.68144
1.68065
1.69947
1.68564
1.69377
1.68686
1.68866
1.69059
1.67226
1.67415
1.56183
1.6889
1.69212
1.67887
1.68662
1.67518
1.69082
1.68453
1.69046
1.692
1.69297
1.67422
1.70021
1.69083
1.67218
1.69746
1.6812
1.66965
1.68556
1.68669
1.69051
1.68216
1.69068
1.69032
1.69428
1.69399
1.6779
1.68992
1.68409
1.69057
1.68611
1.68996
1.67803
1.68015
1.68766
1.6875
1.68236
1.69335
1.68753
1.6652
1.66891
1.68192
1.69094
1.69136
1.68578
1.68538
1.68471
1.67948
1.70062
1.68476
1.6848
1.67728
1.67882
1.69308
1.70219
1.69601
1.69808
1.56596
1.67634
1.68789
1.69069
1.68587
1.68701
1.68603
1.66905
1.69575
1.69874
1.6902
1.69087
1.68295
1.68178
1.68047
1.68856
1.68018
1.68303
1.66857
1.69126
1.69031
1.682
1.68546
1.68913
1.70552
1.6801
1.6843
1.69186
1.68814
1.68929
1.69127
1.68582
1.67384
1.67997
1.67345
1.68714
1.66716
1.69269
1.46541
1.70286
1.68228
1.68003
1.31066
1.67806
1.68536
1.5094
1.67568
1.68809
1.57615
1.68268
1.51844
1.67139
1.69643
1.52472
1.67793
1.67764
1.69561
1.56374
1.56745
1.67686
1.69929
1.6987
1.68253
1.69137
1.68362
1.68601
1.68677
1.68091
1.68604
1.67842
1.68306
1.6763
1.69587
1.6822
1.60309
1.64099
1.67538
1.68272
1.68898
1.7045
1.67491
1.6945
1.69737
1.68068
1.67921
1.69472
1.69485
1.65334
1.66607
1.69083
1.68438
1.67997
1.69358
1.67659
1.6889
1.69878
1.67823
1.69051
1.69651
1.68816
1.67365
1.69922
1.6887
1.67879
1.60515
1.68319
1.68428
1.66373
1.6956
1.70116
1.38249
1.6836
1.69265
1.67581
1.66939
1.69515
1.69295
1.68314
1.68666
1.6804
1.68253
1.6759
1.69045
1.68511
1.6817
1.665
1.68974
1.68185
1.57269
1.68747
1.68086
1.69053
1.68232
1.68827
1.68188
1.68532
1.67674
1.67105
1.69545
1.68029
1.69421
1.68037
1.68938
1.69866
1.70132
1.6916
1.67259
1.68844
1.69198
1.69719
1.70237
1.67205
1.68567
1.67841
1.70043
1.69914
1.67962
1.68336
1.67003
1.70348
1.67798
1.32107
0.900361
1.681
1.68291
1.68951
1.67654
1.69935
1.69372
1.68188
1.67425
1.69001
1.69523
1.68574
1.68262
1.68073
1.67723
1.68712
1.67111
1.6971
1.68453
1.6867
1.68501
1.68632
1.69117
1.5777
1.69927
1.69402
1.68881
1.6953
1.69513
1.6947
1.67526
1.68439
1.68928
1.67637
1.67685
1.68352
1.67782
1.7029
1.6818
1.6848
1.67734
1.68305
1.66416
1.69974
1.67915
1.67978
1.69061
1.6765
1.68727
1.69132
1.69173
1.6872
1.68112
1.67635
1.68195
1.68664
1.69163
1.68499
1.68266
1.68696
1.67941
1.67387
1.69762
1.67047
1.68302
1.68589
1.67186
1.69035
1.69123
1.67748
1.68416
1.67043
1.67938
1.67218
1.69593
1.68699
1.69589
1.6752
1.69925
1.67574
1.67959
1.69294
1.68136
1.67736
1.6896
1.67143
1.67295
1.68809
1.69574
1.68104
1.69714
1.69385
1.67519
1.68356
1.68622
1.68829
1.70685
1.69467
1.6735
1.68644
1.67714
1.69565
0.799176
1.67685
1.68202
1.69383
1.69282
1.68707
1.67626
1.6803
1.69931
1.69007
1.68245
1.67516
1.69023
1.68125
1.66785
1.6774
1.68584
1.68414
1.68073
1.70214
1.69193
1.70126
1.6961
1.69238
1.68047
1.5695
1.68193
1.69225
1.68755
1.67521
1.6792
1.6899
1.68888
1.55827
1.69162
1.57176
1.56248
1.6827
1.68622
1.69585
1.67843
1.70683
1.66781
1.69583
1.67689
1.68812
1.68478
1.69442
1.69503
1.68026
1.69355
1.67547
1.6977
1.68203
1.68057
1.67397
1.68311
1.67718
1.68151
1.70133
1.67949
1.6886
1.70098
1.69069
1.68046
1.69136
1.68806
1.66452
1.69621
1.68473
1.69282
1.67854
1.69022
1.68662
1.68614
1.69074
1.69152
1.68481
1.6899
1.6779
1.69294
1.67453
1.69133
1.69928
1.39953
1.68569
1.70019
1.69331
1.68389
1.68779
1.68561
1.69272
1.68779
1.68222
1.69899
1.57669
1.67642
1.67739
1.68917
1.68704
1.68935
1.69955
1.68059
1.69715
1.68715
1.67569
1.69175
1.676
1.69719
1.69224
1.68669
1.70725
1.6905
1.57947
1.68127
1.69883
1.69502
1.68151
1.68466
1.68609
1.68869
1.67938
1.67765
1.68248
1.6927
1.59046
1.66442
1.67969
1.39158
1.67598
1.68997
1.694
1.66977
1.69187
1.67653
1.56919
1.68887
1.68356
1.68759
1.67459
1.69117
1.69532
1.68588
1.68302
1.69113
1.56218
1.68871
1.68075
1.69052
1.68192
1.68292
1.68166
1.68638
1.61117
1.19678
1.51682
1.67171
1.51001
1.57061
1.22446
1.51153
1.68113
1.67398
1.33027
1.57719
1.67957
1.70559
1.67638
1.685
1.68888
1.68162
1.68117
1.67237
1.68859
1.69189
1.67675
1.69095
1.67896
1.68799
1.48627
1.6923
1.71567
1.68791
1.68639
1.68152
1.69282
1.68976
1.691
1.67499
1.69133
1.69194
1.55816
1.69406
1.68472
1.67939
1.56569
1.69366
1.69238
1.69166
1.70478
1.68302
1.68077
1.68983
1.69402
1.69042
1.69513
1.68649
1.67825
1.68551
1.69656
1.69829
1.57651
1.68778
1.68266
1.57799
1.69743
1.68605
1.69667
1.58656
1.68323
1.67319
1.68884
1.68576
1.68172
1.67636
1.39472
1.68418
1.67669
1.69363
1.68105
1.6825
1.67913
1.69482
1.70079
1.68237
1.68348
1.68273
1.68702
1.68582
1.69848
1.57236
1.69615
1.68092
1.6847
1.68935
1.33527
1.67
1.67932
1.69844
1.68903
1.76671
1.67262
1.67894
1.6856
1.68791
1.69469
1.68173
1.68378
1.68181
1.69288
1.69585
1.67975
1.70833
1.39802
1.71143
1.69385
1.68552
1.68387
1.67843
1.69395
1.68411
1.68761
1.69112
1.69936
1.69856
1.68895
1.70305
1.70016
1.69307
1.68676
1.69336
1.67987
1.68442
1.70228
1.57206
1.68765
1.32326
1.69444
1.68531
1.69008
1.6994
1.68824
1.68606
1.68019
1.68305
1.68831
1.69133
1.6778
1.68757
1.68753
1.6824
1.69176
1.69184
1.68601
1.68588
1.69269
1.68378
1.67779
1.68284
1.69881
1.69335
1.69988
1.6757
1.69394
1.68037
1.68382
1.6785
1.67926
1.6948
1.68351
1.68181
1.67188
1.68197
1.68883
1.68172
1.69253
1.69223
1.70828
1.68111
1.69072
1.69853
1.67481
1.70789
1.68907
1.67557
1.69887
1.68791
1.6879
1.68455
1.68457
1.67429
1.68627
1.67119
1.68847
1.68232
1.68856
1.68825
1.57817
1.68259
1.67421
1.69962
1.67746
1.68202
1.7104
1.67837
1.68536
1.67716
1.69378
1.67851
1.6782
1.69533
1.68038
1.68251
1.68849
1.68055
1.68015
1.68192
1.69013
1.68681
1.69219
1.68544
1.68664
1.56189
1.67442
1.70432
1.67689
1.67959
1.6919
1.68761
1.68801
1.68112
1.67902
1.69147
1.68603
1.68618
1.67818
1.68318
1.68857
1.68528
1.68643
1.68653
1.58317
1.68687
1.68585
1.69447
1.6826
1.68679
1.68913
1.67908
1.68961
1.69261
1.66728
1.67051
1.68423
1.67765
1.67453
1.68245
1.67319
1.69422
1.69545
1.6961
1.68311
1.69164
1.68826
1.68402
1.69117
1.70002
1.67651
1.68584
1.69247
1.69916
1.6965
1.68436
1.68825
1.68479
1.68244
1.69663
1.68116
1.68589
1.67292
1.68532
1.68697
1.66471
1.66618
1.682
1.67383
1.68488
1.69537
1.69188
1.69015
1.68721
1.68428
1.6848
1.67665
1.69578
1.69104
1.69518
1.6882
1.69062
1.67703
1.6878
1.68437
1.68226
1.68836
1.69638
1.6951
1.69038
1.69383
1.68885
1.69306
1.68774
1.69115
1.68916
1.70329
1.68301
1.68838
1.69734
1.68901
1.68923
1.69456
1.67591
1.67426
1.69182
1.67747
1.68237
1.69393
1.69038
1.68869
1.83179
1.68531
1.67827
1.68883
1.67903
1.69176
1.67875
1.6804
1.68468
1.6952
1.69167
1.68654
1.69037
1.68337
1.69287
1.70015
1.40208
1.68469
1.69624
1.67936
1.66843
1.68809
1.66302
1.67627
1.6787
1.67933
1.67417
1.69657
1.68847
1.68127
1.65938
1.51449
1.65922
1.67606
1.67347
1.69753
1.67089
1.67975
1.38981
1.67764
1.68485
1.65823
1.6924
1.6922
1.66157
1.67173
1.6891
1.686
1.66657
1.67589
1.69444
1.68406
1.68003
1.6921
1.56778
1.66697
1.67834
1.68627
1.66923
1.68224
1.68403
1.67101
1.66914
1.6464
1.68938
1.67525
1.67122
1.69136
1.6814
1.67549
1.68193
1.68818
1.6654
1.57251
1.69333
1.69081
1.66307
1.68342
1.6898
1.67882
1.67966
1.67061
1.66939
1.68049
1.69034
1.40314
1.67375
1.67894
1.67529
1.68821
1.68065
1.66248
1.69671
1.68129
1.67351
1.68022
1.66447
1.69239
1.68265
1.67818
1.69166
1.67997
1.68383
1.68466
1.68173
1.68957
1.68083
1.66977
1.67671
1.68382
1.69524
1.67914
1.56861
1.67718
1.68815
1.67975
1.66686
1.67326
1.65854
1.69597
1.68816
1.68786
1.68585
1.67841
1.67831
1.68214
1.66996
1.67549
1.69481
1.68383
1.67544
1.67679
1.66463
1.67222
1.67001
1.68074
1.67794
1.68393
1.68339
1.6822
1.68702
1.68032
1.6721
1.67823
1.66387
1.68095
1.66681
1.66421
1.68015
1.67137
1.69645
1.68842
1.69089
1.67933
1.68266
1.69101
1.66564
1.68155
1.69813
1.66756
1.66673
1.68767
1.68976
1.68893
1.68423
1.69142
1.68462
1.69483
1.66736
1.66934
1.69521
1.66967
1.69216
1.68884
1.68399
1.66987
1.67043
1.69508
1.67407
1.68732
1.67731
1.67083
1.68168
1.67173
1.67461
1.68676
1.66799
1.68952
1.56585
1.68643
1.6888
1.69619
1.67798
1.66941
1.65957
1.6826
1.68124
1.67389
1.67583
1.68842
1.69098
1.66436
1.67233
1.66863
1.66794
1.69291
1.68009
1.69292
1.56977
1.6576
1.68044
1.55251
1.66956
1.68406
1.66085
1.69375
1.67758
1.65965
1.67715
1.69789
1.67855
1.69311
1.6682
1.6681
1.68161
1.67989
1.67589
1.66907
1.68315
1.68086
1.67325
1.66771
1.66839
1.68709
1.68616
1.68279
1.68983
1.67619
1.67074
1.68025
1.69159
1.67332
1.67738
1.67697
1.67898
1.694
1.6929
1.68282
1.68812
1.67533
1.67027
1.67632
1.68855
1.66542
1.66536
1.67477
1.70145
1.70444
1.68131
1.68759
1.65872
1.66822
1.67849
1.66122
1.66842
1.68941
1.6823
1.6844
1.67477
1.67365
1.68405
1.6771
1.37447
1.69133
1.66571
1.67402
1.67185
1.68831
1.66586
1.66525
1.67559
1.67048
1.66965
1.68481
1.68209
1.6817
1.69314
1.66642
1.6822
1.69231
1.68078
1.67884
1.68729
1.66443
1.66622
1.68431
1.57399
1.68286
1.66758
1.66492
1.67278
1.55774
1.68371
1.6847
1.67944
1.68671
1.6794
1.68681
1.68287
1.67767
1.66388
1.68288
1.68552
1.68593
1.67104
1.66462
1.68564
1.6662
1.67636
1.69183
1.66978
0.743849
1.67306
1.68109
1.67366
1.68525
1.69594
1.68633
1.68573
1.66162
1.68815
1.6931
1.66819
1.67439
1.67932
1.67018
1.65399
1.68002
1.67431
1.66806
1.6677
1.68401
1.68544
1.67194
1.67269
1.68106
1.67319
1.6885
1.67375
1.67144
1.67863
1.66587
1.68755
1.67658
1.70772
1.67638
1.67369
1.66576
1.68263
1.6721
1.68079
1.68029
1.67408
1.69274
1.67898
1.68605
1.68308
1.68838
1.67008
1.68472
1.66676
1.69072
0.80574
1.67764
1.67713
1.66899
1.67696
1.68381
1.6775
1.67484
1.65954
1.67757
1.66233
1.68968
1.4083
1.69786
1.67537
1.68498
1.68573
1.57406
1.66802
1.67265
1.65877
1.561
1.68422
1.68949
1.65883
1.68724
1.56803
1.68852
1.68921
1.69069
1.6848
1.68656
1.66568
1.67927
1.68441
1.56274
1.66126
1.67983
1.6535
1.66632
1.68262
1.69313
1.68366
1.67603
1.69375
1.68092
1.68176
1.67445
1.68981
1.66824
1.66924
1.68308
1.57093
1.68808
1.68476
1.67777
1.6831
1.68952
1.68779
1.69191
1.67966
1.66917
1.68892
1.68629
1.68443
1.69435
1.65996
1.6693
1.67723
1.69058
1.66768
1.68755
1.68078
1.68952
1.67652
1.66484
1.68368
1.68031
1.68193
1.68198
1.70388
1.68089
1.6845
1.69392
1.67333
1.68456
1.68452
1.67433
1.68581
1.67327
1.68561
1.68461
1.68569
1.67197
1.69958
1.68179
1.67012
1.68862
1.67736
1.67251
1.68767
1.68235
1.68259
1.68302
1.67537
1.67271
1.67107
1.67656
1.69281
1.65869
1.67385
1.67748
1.66772
1.68413
1.67235
1.67573
1.68458
1.66141
1.6773
1.672
1.67122
1.67232
1.67322
1.67424
1.67502
1.67319
1.6644
1.69436
1.67558
1.67159
1.67533
1.68586
1.67103
1.67702
1.67281
1.56578
1.67446
1.68653
1.67717
1.6537
1.67671
1.68524
1.68429
1.67889
1.67606
1.68378
1.68463
1.68763
1.68712
1.67546
1.67827
1.69268
1.67567
1.67383
1.66956
1.66047
1.6738
1.68208
1.67665
1.6614
1.67768
1.68164
1.67192
1.68277
1.68149
1.66804
1.68514
1.69021
1.6886
1.69365
1.69392
1.67361
1.67164
1.68036
1.68388
1.67044
1.67121
1.67812
1.68984
1.68894
1.67817
1.66709
1.67064
1.6924
1.69683
1.68868
1.68424
1.69877
1.68406
1.67262
1.677
1.67425
1.66562
1.68316
1.69474
1.67609
1.66562
1.68196
1.69279
1.6872
1.66753
1.66312
1.68198
1.66972
1.67523
1.66815
1.68034
1.67933
1.67677
1.67191
1.68752
1.68038
1.67612
1.68094
1.68226
1.6836
1.67364
1.6905
1.67393
1.67763
1.68072
1.70406
1.66759
1.68433
1.67553
1.67901
1.68448
1.69421
1.67075
1.66029
1.67243
1.66534
1.6644
1.68485
1.66677
1.67886
1.67815
1.6748
1.68166
1.67153
1.68214
1.70904
1.67376
1.66827
1.68919
1.67467
1.56469
1.69352
1.67157
1.67865
1.69036
1.68049
1.6664
1.67067
1.68522
1.6722
1.6754
1.68345
1.68649
1.68452
1.68763
1.68184
1.66645
1.6634
1.67711
1.66116
1.66434
1.67793
1.69021
1.54912
1.68434
1.6915
1.67856
1.6861
1.68389
1.56836
1.6839
1.66072
1.66742
1.5486
1.68439
1.69302
1.66842
1.6874
1.67574
1.6799
1.66995
1.68322
1.68419
1.68492
1.70477
1.68108
1.69477
1.6858
1.66992
1.6638
1.67946
1.67497
0.922354
1.65378
1.66523
1.6797
1.66663
1.68912
1.68741
1.66144
1.68622
1.68861
1.68538
1.69676
1.68309
1.68874
1.68751
1.69397
1.67239
1.67803
1.69106
1.67629
1.68358
1.67722
1.67322
1.67117
1.66396
1.55834
1.68162
1.68728
1.68369
1.67803
1.6736
1.67891
1.6664
1.67341
1.68832
1.69193
1.66754
1.54883
1.68266
1.67996
1.56353
1.67294
1.68141
1.67037
1.6803
1.68407
1.67278
1.68292
1.65969
1.66555
1.68414
1.65876
1.67517
1.56006
1.68632
1.68016
1.66958
1.68059
1.6751
1.67234
1.68603
1.67765
1.66694
1.67775
1.68357
1.66589
1.68484
1.66155
1.66513
1.67645
1.68194
1.66225
1.68202
1.66748
1.68179
0.737767
1.69726
1.67556
1.6923
1.68081
1.6884
1.69008
1.68457
1.6851
1.68495
1.57845
1.68813
1.66541
1.67088
1.68562
1.70058
1.63957
1.67763
1.6729
1.68186
1.67996
1.6914
1.68482
1.67927
1.68567
1.68117
1.67985
1.69003
1.68813
1.65681
1.68855
1.67439
1.66696
1.67979
1.69245
1.67819
1.67303
1.68516
1.67189
1.67681
1.68595
1.68289
1.67822
1.66275
1.68167
1.67496
1.65689
1.69232
1.5639
1.68506
1.66184
1.67994
1.66725
1.68539
1.65522
1.66115
1.68661
1.68958
1.67261
1.68078
1.67317
1.66837
1.66651
1.68235
1.67857
1.68398
1.6748
1.66491
1.688
1.67936
1.69666
1.68246
1.68277
1.67154
1.69654
1.66861
1.67024
1.67518
1.68435
1.68021
1.67836
1.67627
1.67985
1.67534
1.67891
1.69604
1.6772
1.65986
1.65519
1.69121
1.70578
1.67501
1.69636
1.68262
1.67889
1.65567
1.67278
1.68874
1.67951
1.66703
1.57479
1.67469
1.68807
1.68938
1.69668
1.66574
1.6777
1.57476
1.67192
1.66759
1.67467
1.68894
1.68357
1.67435
1.66727
1.67166
1.67664
1.68371
1.69241
1.67028
1.67229
1.67589
1.66499
1.6797
1.67626
1.67549
1.68136
1.65634
1.6775
1.67182
1.66252
1.68715
1.68571
1.67701
1.66425
1.67916
1.67985
1.66914
1.6786
1.65405
1.69753
1.66773
1.70367
1.6749
1.69235
1.68507
1.58183
1.67403
1.70424
1.67394
1.65995
1.67684
1.68196
1.68112
1.68643
1.66663
1.68009
1.67225
1.69304
1.66658
1.68242
1.68225
1.685
1.68171
1.5547
1.67251
1.65552
1.67091
1.6806
1.67004
1.68978
1.66951
1.6902
1.68124
1.66753
1.68394
1.67853
1.68476
1.67147
1.66775
1.68582
1.57402
1.6923
1.66791
1.67726
1.67004
1.69453
1.6785
1.67868
1.68295
1.68495
1.67047
1.68551
1.67128
1.68246
1.67167
1.68077
1.55692
1.68602
0.749039
1.67402
1.67496
1.68357
1.67702
1.67305
1.6775
1.67813
1.68192
1.67902
1.68345
1.68353
1.66557
1.67971
1.67363
1.69148
1.69134
1.68864
1.68791
1.68562
1.68606
1.66722
1.67466
1.69024
1.69972
1.67164
1.65753
1.6702
1.68724
1.68635
1.66631
1.69303
1.67933
1.67946
1.68431
1.68816
1.6737
1.67935
1.68119
1.6793
1.67277
1.67984
1.67394
1.69714
1.39486
1.68281
1.68567
1.69152
1.66903
1.66924
1.68114
1.68111
1.69162
1.68828
1.66237
1.67394
1.68917
1.67822
1.66792
1.66674
1.67636
1.68327
1.67618
1.66211
1.67691
1.68357
1.67579
1.66873
1.68084
1.69507
1.67995
1.6705
1.68275
1.67637
1.67782
1.68746
4.6181
4.59971
4.54099
4.56552
4.53721
4.49478
4.56856
4.61957
4.46772
4.54176
4.52482
4.61073
4.55029
4.62063
4.56226
4.50107
4.63232
4.63782
4.55923
4.59253
4.54256
4.63199
4.52695
4.58905
4.57694
4.61875
4.67425
4.67599
4.56359
4.61507
4.59097
4.61234
4.60399
4.61796
4.63746
4.56816
4.57378
4.56527
4.55596
3.78786
4.54173
4.63549
4.69929
4.58909
4.51254
4.62174
4.58532
4.48508
4.55159
4.62093
4.64994
4.59796
4.59253
4.63263
4.62571
4.59481
4.54172
4.62784
4.54132
4.59511
4.54848
4.66217
4.57598
4.59369
4.60964
3.82851
4.54109
4.67212
4.62856
4.60598
4.60349
4.65863
4.61325
4.56483
4.66367
4.43949
4.56931
4.59954
4.52401
4.50109
4.59967
4.57212
4.64498
4.67314
4.65152
4.62612
4.618
4.58861
4.62547
4.63382
4.53246
4.61824
4.6166
4.578
4.51195
4.61647
4.58697
4.64877
4.60608
4.56966
4.59188
4.53213
4.65308
4.51276
4.61265
4.64348
3.76776
4.65348
4.63651
4.64334
4.59944
4.66041
4.62004
4.64109
4.50035
4.59037
4.61376
4.60492
4.48092
4.60673
4.56879
4.40228
4.61759
4.51221
4.56609
4.65073
4.63094
4.58014
4.6179
4.52223
4.60546
4.47336
4.6833
4.64005
4.53339
4.47927
4.6195
4.58149
4.55296
4.60025
4.67924
4.65365
4.55601
4.56611
4.69935
4.43561
4.50539
4.63632
4.57454
4.53494
4.59891
4.56133
4.5922
4.65604
4.52058
4.58688
4.6402
4.61534
4.63619
4.58532
4.48666
4.55785
4.55074
4.56136
4.65822
4.65422
4.5591
4.60672
4.4708
4.70404
4.65057
4.6474
4.5921
4.34118
4.49855
4.60379
4.65973
4.51841
4.56377
4.6324
4.613
4.63828
4.60422
4.57555
4.54583
4.5944
4.655
4.47007
4.58978
4.58683
4.61718
4.68387
4.6029
4.62928
3.75433
4.65515
4.51719
4.65835
4.58532
4.5603
4.65603
4.43876
4.53683
4.64825
4.61486
4.5795
4.62821
4.64492
4.62755
4.62595
4.50424
4.62436
4.60472
4.53724
4.63206
4.61334
4.54229
4.55634
4.69659
4.5903
4.61335
4.56357
4.61957
4.62751
4.62801
4.58833
4.64898
4.62702
4.54933
4.53899
4.62393
4.50455
4.55033
4.46766
4.65679
4.56162
4.6482
4.6164
4.57834
4.63519
4.67181
4.58867
4.62291
4.54915
4.57322
4.5803
4.56377
4.63176
4.51991
4.68159
4.51831
4.58922
4.61318
4.60071
4.62808
4.62726
4.64518
4.51344
4.58423
4.64133
4.63972
4.5342
4.60209
4.66024
4.59538
4.60791
4.61318
4.61572
4.64226
4.53892
4.62167
4.54721
4.53121
4.59596
4.65745
4.59582
4.64997
4.59695
4.62793
4.63722
4.57216
4.58119
4.56462
4.59228
4.6746
4.42957
4.57526
4.53322
4.59843
4.52334
4.62533
4.62859
4.619
4.59893
3.80988
4.65601
4.57327
4.52692
4.54922
4.46916
4.64907
4.59825
4.67983
4.57044
4.47493
4.57989
4.63316
4.58087
4.61822
4.62409
4.50304
4.64152
4.55604
4.49129
4.47067
4.59684
4.64824
4.52376
4.56198
4.6189
4.50045
4.59022
4.54663
4.62383
4.65213
4.56445
4.64864
4.54118
4.61206
4.58688
4.58645
4.54106
4.66567
4.63417
4.62254
4.53871
4.50777
4.62396
4.61233
4.59748
4.54505
4.54281
4.59794
4.60333
4.695
4.57985
4.50439
4.66316
4.57147
4.47035
4.61107
4.5894
4.63996
4.59416
4.60479
4.58739
4.58555
4.64009
4.52648
4.4938
4.61536
4.64776
4.57095
4.62024
4.63523
4.50313
4.63898
4.57334
4.4931
4.55878
4.64461
4.6445
4.58256
4.57408
4.45965
4.6241
4.58227
4.54712
4.49909
4.58761
4.61592
4.67634
4.62867
4.57796
4.66057
4.59322
4.58312
4.66243
4.48123
4.5883
4.50804
4.65181
4.56028
4.63925
4.55893
3.71959
4.5875
4.62168
4.54465
4.64803
4.57166
4.49485
4.6083
4.64194
4.61262
4.61892
4.57825
4.65008
4.62504
4.57382
4.612
4.57981
4.56248
4.48902
4.71102
4.57991
4.58581
4.48628
4.57923
4.63077
3.81739
4.56368
4.60701
4.50606
4.63827
4.4528
4.58584
4.56853
4.60288
4.64778
4.55303
4.63762
4.59462
4.6557
4.57993
4.62062
4.63938
4.61661
4.54584
4.67277
4.59224
4.61797
4.48917
4.68523
4.49569
4.59259
4.65705
4.62433
4.56905
4.54761
4.6614
4.64729
4.63836
4.46244
4.59965
4.58813
4.66267
4.46838
4.61288
4.63106
4.64396
4.6309
4.56883
4.52598
4.5825
4.63386
4.57159
4.42179
3.7885
4.62109
4.65754
4.57163
4.57149
4.61052
4.61578
4.62283
4.45057
4.60241
4.60543
3.76794
4.6028
4.61566
4.60509
4.62274
4.67332
4.55771
4.5788
4.63492
4.57672
4.59169
4.62113
4.74715
4.64777
4.57
4.64202
4.45216
4.65764
4.6
4.59697
4.56455
4.5098
4.60701
4.53028
4.61854
4.54866
4.62333
4.61574
4.61099
4.61163
4.46976
4.60295
4.65441
4.67785
3.78304
4.49256
4.63039
4.62065
4.63502
4.59368
4.58981
4.63078
4.63364
4.63903
4.54782
4.63254
4.65522
4.60082
4.55357
4.61038
4.54283
4.6513
4.61463
4.59233
4.64355
4.63043
4.57508
4.59566
4.54766
4.56518
4.53466
4.61888
4.51873
4.61754
4.67999
4.55718
4.55983
4.61965
4.56394
4.61464
4.65819
4.55244
4.67558
4.51215
4.6369
4.66857
4.6297
4.51974
4.62952
4.57485
4.65513
4.60004
4.61181
4.66179
4.5305
4.58081
4.53546
4.5509
4.62332
4.57477
4.48723
4.53418
4.59877
4.58522
4.67945
4.48196
4.61603
4.64965
4.60457
4.61171
4.63757
4.46119
4.57224
4.62763
4.51381
4.61099
4.58242
4.56675
4.61296
4.43446
4.6359
4.66872
4.58902
4.63263
4.3819
4.65121
4.61089
4.50641
4.62227
4.55426
4.61743
4.55646
4.63325
4.56955
4.71561
4.6534
4.52344
4.57954
4.48094
4.64748
4.64438
4.61153
4.38266
4.57411
4.59946
4.5834
4.57309
4.60658
4.53705
4.6399
4.60553
4.64703
4.617
4.63818
4.66246
4.62551
4.56088
4.56878
4.58112
4.67117
4.63977
4.63775
4.63802
4.5295
4.58624
4.6965
4.45387
4.56971
4.59694
4.51873
4.64586
4.58669
4.57968
4.67615
4.62148
4.44169
4.64894
4.52388
4.66425
4.58763
4.48505
4.61207
4.63722
4.62753
4.57848
4.49856
4.57937
4.65712
4.63862
4.51412
4.61563
4.65599
4.56418
4.62909
4.57118
4.57187
4.61006
4.53067
4.57972
4.56575
4.68483
3.8134
4.72589
4.57956
4.63071
4.63965
4.54608
4.61915
4.49962
4.56044
4.61486
4.51368
4.62507
4.5425
4.61604
4.58237
4.63173
4.5661
4.65133
4.62985
4.64681
4.65559
4.42721
4.55991
4.61323
4.58748
4.7191
4.56141
4.64945
4.62266
4.65004
4.52408
4.73036
4.54161
4.53541
4.56017
4.50863
4.60971
4.58456
4.53549
4.52914
4.62278
4.59398
4.65784
4.62949
4.59302
4.63457
4.58386
4.61032
4.56916
4.57785
4.55137
4.65331
4.67055
4.41181
4.67479
4.57883
4.56961
4.5894
4.54067
4.62597
4.53767
4.57467
4.63841
4.65081
4.65896
4.62243
4.64983
4.61263
4.55402
4.59068
4.60973
4.59144
4.54156
4.63193
4.59559
4.63472
4.63191
4.57403
4.67816
4.56323
4.63782
4.60726
4.62074
4.63155
4.63347
4.58511
4.64747
4.57116
4.65358
4.6399
4.59176
4.51031
4.61801
4.64805
4.65094
4.57656
4.5034
4.62131
4.7011
4.61598
4.57806
4.55223
4.59631
4.56014
4.59829
4.36232
4.68135
4.59043
4.70634
4.62214
4.52063
4.61015
4.5435
4.6415
4.62581
4.66307
4.64098
4.59539
4.57583
4.51012
4.59409
4.54144
4.64013
4.50829
4.63751
4.58147
4.6115
4.57178
4.58582
4.64931
4.57921
4.50896
4.64686
4.57224
4.5691
4.60412
4.55596
4.72307
4.50096
4.64677
4.61258
4.61446
4.4866
4.62268
4.65438
4.61844
4.61801
4.62845
4.63225
4.5782
4.67471
4.53937
4.48592
4.57009
4.61471
4.62438
4.54616
4.65295
4.65953
4.52949
4.64239
4.59184
4.51745
4.59626
4.53438
4.4991
4.61424
4.59307
4.62563
4.59969
4.57899
4.6069
4.63859
4.60124
4.53939
4.45087
4.5757
4.58767
4.64836
4.45226
4.59654
4.54161
4.58867
4.63116
4.69256
4.59647
4.5485
4.55127
4.62606
4.53637
4.51997
4.55537
4.57799
4.60555
4.66038
4.66591
4.691
4.59426
4.67961
4.52054
4.65409
4.54567
4.57037
4.57548
4.68308
4.66989
4.6197
4.44468
4.60754
4.60206
4.67375
4.58981
4.71372
4.59939
4.59114
4.60271
4.65462
4.43315
4.61866
4.67605
4.54101
4.65515
4.48959
4.59516
4.64486
4.65769
4.5053
4.58751
4.58122
4.61966
4.6094
4.41273
4.55581
4.605
4.57635
4.64088
4.54052
4.63294
4.6655
4.63521
4.685
4.57855
4.57343
4.60658
4.63019
4.44656
4.65817
4.62118
4.54887
4.59927
4.62564
4.60801
4.58695
4.53976
4.56704
4.60771
4.61354
4.54178
4.63136
4.69857
4.66131
4.62052
4.5895
4.3936
4.58234
4.57941
4.6529
4.60196
4.56761
4.65554
4.57675
4.55047
4.58772
4.72817
4.54348
4.58166
4.65876
4.3408
4.62904
4.66226
4.58681
4.59791
4.55736
4.6146
4.62176
4.53487
4.67643
4.55402
4.57394
4.66374
4.65254
4.34486
4.65057
4.62792
4.57129
4.60064
4.5782
4.61885
4.64066
4.59233
4.63782
4.58518
4.54555
4.59082
4.68065
4.39554
4.67134
4.64519
4.61248
4.62897
4.66461
4.5928
4.63318
4.63341
4.56464
4.63013
4.57788
4.61693
4.52713
4.49091
4.57348
4.57082
4.59439
4.63617
4.56775
4.67918
4.62077
4.60194
4.59195
4.42133
4.54526
4.62797
4.56482
4.5826
4.56589
4.60492
4.60352
4.64618
4.61137
4.59572
4.56515
4.67929
4.577
4.60831
4.55821
4.60347
4.68858
4.63216
4.5946
4.63991
4.57891
4.58561
4.65064
4.54657
4.65802
4.63335
4.64756
4.60591
4.59571
4.66775
4.6773
4.59152
4.64209
4.62848
4.66077
4.62276
4.58914
4.6339
4.65619
4.61626
4.66098
4.53642
4.66384
4.62986
4.41857
4.61224
4.47624
4.60237
4.62388
4.52357
4.56257
4.63504
4.6288
4.63585
4.63655
4.5427
4.60416
4.6632
4.65637
4.60382
4.50486
4.56045
4.61654
4.61748
4.63645
4.57543
4.6376
4.72234
4.56328
4.63959
4.60637
4.62289
4.64833
4.42787
4.64163
4.57851
4.56729
4.58759
4.56015
4.57651
4.58003
4.67905
4.62605
4.64793
4.7071
4.71815
4.64143
4.50584
4.61577
4.59334
4.59284
4.57349
4.62103
4.60634
4.62732
4.68855
4.62631
4.5653
4.65061
4.61265
4.60946
4.50177
4.63032
4.56553
4.63395
4.54952
4.54896
4.53598
4.58172
4.57679
4.54604
4.62746
4.62301
4.61634
4.62212
4.58483
3.84134
4.67163
4.60588
4.58263
4.60195
4.63127
4.60568
4.53532
4.5687
4.68542
4.60274
4.56779
4.62641
4.38444
3.80674
4.59604
4.7129
4.63287
4.61195
4.64086
4.59709
4.65953
4.57435
4.6547
4.6329
4.64942
4.61074
4.57737
4.58077
4.58348
4.63259
4.60525
4.56656
4.61318
4.62991
4.5891
4.53163
4.59352
3.784
4.65101
4.55954
4.62207
4.53566
4.5759
4.53469
4.46987
4.46451
4.59008
4.60207
4.5677
4.59216
4.64769
4.64031
4.61245
4.44899
4.54899
4.61442
4.56916
4.60717
4.60714
4.44971
4.58201
4.61757
4.68623
4.65966
4.61278
4.68307
4.64368
4.47548
4.46152
4.68124
4.63491
4.61207
4.58802
4.625
4.56422
4.60699
4.70452
4.57148
4.54675
4.59664
4.59968
4.50497
4.5216
4.6256
4.67943
4.58052
4.66242
4.44772
4.57362
4.61568
4.62556
4.51582
4.59807
4.65362
4.61215
4.45465
4.63188
4.56572
4.62642
4.68133
4.65138
4.5438
4.69124
4.59185
4.60798
4.65909
4.65134
4.66773
4.55588
4.73411
4.5792
4.63493
4.59741
4.61766
4.65128
4.66099
4.60723
4.60332
4.5702
4.55801
4.67972
4.6247
4.70045
4.65506
4.43567
4.65717
4.61197
4.58173
4.62331
4.58946
4.62782
4.71131
4.64073
4.58836
4.63378
4.68972
4.64279
4.59413
4.55007
4.56334
4.63678
4.63962
4.58246
4.54828
4.6719
4.58454
4.64757
4.66624
4.6195
4.56585
4.63276
4.61871
4.40358
4.66301
4.59322
4.654
4.62042
4.56849
4.67697
4.66074
4.61337
4.58385
4.58428
4.6003
4.56352
4.57298
4.60121
4.5405
4.64395
4.65101
4.60616
4.60897
4.66715
4.61883
4.68811
4.6177
4.59454
4.62509
4.63671
4.56364
4.66599
4.61186
4.64138
4.53955
4.58992
4.55447
4.53352
4.68491
4.61361
4.59588
4.67863
4.59649
4.64179
4.66168
4.46597
4.65071
4.58103
4.659
4.56573
4.56267
4.56579
4.56822
4.64451
4.60176
4.65467
4.5788
4.59779
4.54098
4.59656
4.58906
4.5608
4.61241
4.63459
4.63851
4.59059
4.60388
4.60708
4.69635
4.56507
4.57262
4.65191
4.63425
4.6154
4.57862
4.58866
4.54288
4.58421
4.55925
4.66306
4.61525
4.6561
4.65923
4.58136
4.59041
4.63407
4.55722
4.5886
4.61309
4.70298
4.56218
4.578
4.58036
4.61246
4.6172
4.61728
4.57226
4.65624
4.62717
4.6048
4.46812
4.46892
4.51364
4.59473
4.57234
4.67368
4.48675
4.59004
4.60042
4.6282
4.62679
4.64578
4.62874
4.63477
4.63168
4.43358
4.58678
4.62312
4.57925
4.53846
3.76049
4.58801
4.61741
4.55823
4.63037
3.75762
4.55733
4.62368
4.57935
4.53102
4.69137
4.59055
4.61147
4.55768
4.53817
4.55706
4.62803
4.64618
4.601
4.63688
4.6174
4.60432
4.55656
4.58983
4.58495
4.61399
4.59981
4.60548
4.52638
4.6098
4.55048
4.53704
4.68897
4.53431
4.60775
4.59149
4.59309
4.5329
4.55612
4.60537
4.6129
4.64701
4.63742
4.58595
4.60424
4.63186
4.58101
4.59879
4.55703
4.58552
4.61307
4.46894
4.60655
4.56078
4.56736
4.55569
4.61552
4.60605
4.58141
4.62302
4.57781
4.60461
4.62902
4.58778
4.63401
4.63119
4.52833
4.56816
4.60367
4.58656
4.59328
4.45075
4.55856
4.60378
4.62698
4.60693
4.57736
4.56078
4.52814
4.61482
4.63628
4.54074
4.59905
4.65966
4.58608
4.60943
4.62411
4.65701
4.61754
4.56632
4.61914
4.48502
4.58044
4.63084
4.55515
4.52032
4.52948
4.65482
4.57616
4.56893
4.60632
4.5861
4.65331
4.58941
4.65009
4.6082
4.58154
4.56008
4.57964
4.57095
4.55155
3.75569
4.66108
4.59444
4.56474
4.55208
4.60674
4.63966
4.55257
4.59711
4.47182
4.65046
4.56598
4.61938
4.62049
4.59752
4.41694
4.49225
4.57241
4.60943
4.59543
4.59926
4.60571
4.6107
4.59558
4.65035
4.53549
4.57802
4.67966
4.61399
4.45527
4.62919
4.49224
4.66707
4.5118
4.65801
4.57992
4.5432
4.60754
4.59757
4.57012
4.54185
4.5865
4.57851
4.58608
4.63661
4.59542
4.54504
4.6472
4.59373
4.57427
4.58777
4.58096
4.57812
4.54839
4.55137
4.63994
4.60022
4.65178
4.57904
4.55826
4.59166
4.56873
4.52651
4.64315
4.60559
4.58332
4.56427
4.63534
4.64858
4.59085
4.64521
4.54396
4.63794
4.51138
4.57344
4.55315
4.63523
4.60306
4.63286
4.56565
4.54049
4.64891
4.61948
4.58503
4.6112
4.68696
4.49136
4.63393
4.60903
4.59329
4.72498
4.5293
4.55088
4.55698
4.64427
4.57071
4.65167
4.58078
4.65033
4.33878
4.6368
4.62557
4.61031
4.68847
4.56155
3.8017
4.63708
4.60387
4.51541
4.64724
4.63238
4.6269
4.62944
4.64932
4.45235
4.65085
4.55691
4.56951
4.61364
4.57865
4.65151
4.60451
4.53872
4.66372
4.63431
4.58003
4.65234
4.37081
4.53302
4.55826
4.64441
4.576
4.55785
4.6409
4.66274
4.65683
4.58322
4.60909
4.63546
4.56751
4.60389
4.58517
4.58706
4.63889
4.49024
4.64938
4.5546
4.62032
4.62825
4.6008
4.52315
4.66191
4.56754
4.68833
4.59612
4.60735
4.52349
4.57135
4.54656
4.61008
4.55241
4.62232
4.63078
4.58394
4.61823
4.49837
4.59001
4.66406
4.65019
4.61788
4.61716
4.60703
4.63129
4.59497
4.45764
4.64824
4.56912
4.58531
4.67847
4.51541
4.58899
4.54717
4.66691
4.59302
4.59061
4.55063
4.65166
4.60334
4.67847
4.58561
4.66508
4.67665
4.53184
4.68469
4.62837
4.69368
4.59165
4.41483
4.60367
4.57625
4.55845
4.65875
4.65894
4.63775
4.65633
4.5718
4.57404
4.63765
4.62429
4.46747
4.68729
4.47854
3.76929
4.63386
4.56257
4.64041
4.55166
4.5664
4.66649
4.65246
4.66139
4.62208
4.59764
4.6641
4.65467
4.65664
4.4225
4.63974
4.56128
4.57651
4.54161
4.63987
4.65114
4.65039
4.61928
4.66319
4.54243
4.58816
3.83252
4.51392
4.59621
4.6131
4.57383
4.59239
4.63564
4.62522
4.63638
4.59549
4.48065
4.65245
4.59792
4.62534
4.57941
4.65192
4.52815
4.56659
4.49656
4.63255
4.67796
4.60313
4.71849
4.60136
4.68806
4.68464
4.65203
4.56842
4.60794
4.57321
4.64638
4.44846
4.65574
4.65341
4.46907
4.68775
4.63226
4.58071
4.60114
4.61173
4.5241
4.4695
4.687
4.58122
4.61815
4.49011
4.63673
4.59795
4.53654
4.62252
4.54401
4.70696
4.67556
4.59554
4.64008
4.57888
4.62376
4.61349
4.64434
3.75744
4.67347
4.65226
4.48848
4.62527
4.6335
4.55437
4.67631
4.60312
4.61407
4.54158
4.64104
4.48674
4.54158
4.67971
4.48986
4.64957
4.4172
4.54651
4.69987
4.63522
4.52443
4.61642
4.50207
4.61967
3.7597
4.60922
4.59044
4.61029
4.63088
4.60133
4.62615
4.68215
4.52214
4.61874
4.64334
4.55589
4.60064
4.52967
4.73912
4.60082
4.57196
4.64474
4.56366
4.59594
4.52353
4.63671
4.61224
4.58149
4.51706
4.56121
4.65275
4.53492
4.72726
4.56004
4.56591
4.48234
4.59344
4.6457
4.50611
4.63489
4.63509
4.63353
4.43453
4.60742
4.61507
4.62511
4.58108
4.61017
4.57425
4.54323
4.58803
4.61658
4.58333
4.57446
4.58744
4.63
4.49188
4.6158
4.58957
4.65077
4.5621
4.59795
4.55324
4.65247
4.55891
4.50551
4.57229
4.63835
4.55938
4.63056
4.65314
4.60016
4.56422
4.65272
4.60674
4.61053
4.57644
4.46804
4.59182
4.53709
4.59909
4.60345
4.61981
4.62497
4.61458
4.66503
4.51764
4.62098
4.55786
4.63131
4.62745
4.59809
4.60027
4.57952
4.51583
4.66071
4.60771
4.58164
4.57623
4.5794
4.57191
4.65151
4.61157
4.65077
4.54764
4.60873
4.59274
4.56344
4.57051
4.55379
4.6164
4.57574
4.55121
4.61927
4.61495
4.59551
4.6529
4.50424
4.52882
4.59817
4.62546
4.52905
4.53131
4.57579
4.60143
4.60384
4.60929
4.5913
4.61635
4.63771
4.54535
4.62101
4.58754
4.68618
4.64416
4.63697
4.64788
4.53461
4.65237
4.63484
4.66849
4.51067
4.68769
4.67361
4.65313
4.61274
4.57684
4.64934
4.63844
4.60291
4.69833
4.59338
4.5858
4.53455
4.5909
4.64114
4.65762
4.5094
4.69531
4.52816
4.59408
4.60287
4.63841
4.56302
4.59241
4.58923
4.53406
4.53519
4.51843
4.72463
4.67772
4.62498
4.5882
4.60072
4.59631
4.59078
4.58296
4.6237
4.62823
4.56386
4.61581
4.54453
3.80401
4.62175
4.59622
