115.941
132.051
134.738
117.882
133.285
133.416
133.649
133.533
133.406
123.354
133.626
133.562
133.308
115.514
133.17
115.366
133.42
133.724
133.022
115.743
112.991
111.726
131.564
124.564
133.613
126.879
133.098
134.026
133.069
132.688
133.782
133.743
133.734
124.515
133.492
134.086
134.212
120.495
113.348
116.276
133.342
133.578
133.194
133.361
133.101
123.69
133.333
132.598
126.964
132.358
132.729
120.565
133.455
114.121
130.597
132.746
133.593
133.282
133.558
134.694
123.52
134.339
119.262
133.772
133.426
133.481
133.752
134.55
134.391
133.495
134.525
133.159
124.134
133.521
123.153
131.01
132.978
133.778
121.941
132.626
112.964
133.231
132.046
133.186
133.356
123.661
116.261
117.71
133.699
133.322
108.2
130.245
133.274
109.966
134.102
133.239
128.653
108.709
133.073
126.259
133.135
49.3681
134.139
133.211
133.695
133.275
133.578
124.892
127.904
133.475
133.435
133.572
133.655
133.026
134.405
113.358
133.519
113.652
133.664
113.238
127.444
111.565
133.585
133.203
133.529
120.036
133.36
129.773
133.442
134.097
125.32
132.961
133
122.057
133.532
133.148
122.277
125.899
133.204
133.89
133.171
133.246
134.033
133.829
133.396
110.581
133.519
133.349
110.204
125.204
130.208
134.486
133.919
132.962
134.685
133.687
133.23
132.681
133.473
133.334
134.932
111.101
133.79
112.583
127.875
133.379
122.519
124.577
112.231
123.667
133.494
134.723
133.115
133.896
132.814
133.791
133.777
119.442
133.394
122.995
120.453
133.949
134.161
133.348
133.95
116.813
133.396
113.053
133.339
114.964
134.028
134.114
133.216
133.586
133.497
126.255
134.18
133.062
121.813
123.029
133.144
114.832
133.282
119.214
126.023
133.92
117.087
133.193
134.367
126.222
134.187
109.474
110.103
117.122
111.052
133.731
133.301
129.511
115.047
133.188
117.072
133.562
133.537
115.031
133.719
133.666
131.189
133.447
133.825
133.698
133.191
134.205
28.272
132.626
133.486
120.155
113.082
133.356
133.765
133.698
133.904
113.175
133.284
133.79
133.665
132.378
134.378
133.851
132.619
134.49
133.337
130.711
134.004
133.724
133.376
132.454
113.3
133.901
133.446
133.188
132.968
133.449
132.868
121.721
116.867
133.319
134.056
134.876
133.781
122.283
135.08
126.05
133.829
133.024
133.356
132.592
133.349
133.646
133.821
132.915
133.286
131.639
133.885
135.031
114.333
133.941
113.895
119.862
134.991
133.14
130.412
129.628
122.658
133.686
134.096
133.544
118.195
133.292
130.35
133.231
133.777
113.365
118.847
133.597
133.775
133.446
133.37
133.468
113.789
111.368
118.235
133.977
115.549
133.747
133.594
134.096
133.532
114.974
131.918
133.937
134.125
133.062
112.221
113.563
123.183
132.749
134.319
133.166
133.196
133.624
125.357
57.5737
111.856
133.259
133.81
132.897
133.166
133.149
131.099
111.336
133.09
111.356
133.193
132.799
133.663
133.388
131.295
127.283
134.227
133.424
110.523
113.116
116.153
134.181
133.837
134.42
112.196
133.894
125.591
134.546
111.272
131.182
134.206
132.124
133.711
129.564
134.057
112.474
112.434
111.362
112.487
132.456
133.202
113.508
133.99
133.051
134.06
133.661
133.984
134.327
133.777
122.871
134.331
133.855
133.1
133.005
134.674
133.366
128.337
133.375
133.292
133.255
132.158
134.744
133.303
134.349
133.666
118.492
132.966
133.733
133.337
119.64
134.888
133.968
132.724
130.848
133.608
134.225
122.656
131.362
119.253
126.946
109.62
132.958
133.715
132.77
133.316
110.923
133.738
132.987
133.49
133.991
133.024
133.731
128.357
134.148
113.339
133.563
133.197
129.856
133.206
133.715
110.646
133.266
120.576
133.335
132.98
133.011
133.109
133.976
113.086
133.518
132.604
131.879
133.508
118.352
133.651
127.408
133.375
110.119
133.899
118.744
124.457
110.387
126.389
125.927
133.02
134.186
133.601
116.038
133.495
116.897
133.413
133.542
133.979
133.824
121.623
133.885
131.467
124.264
133.128
122.322
133.334
133.178
133.447
133.338
134.626
133.62
133.479
134.379
133.496
134.058
118.098
133.359
119.108
134.622
130.717
130.557
130.869
134.62
133.059
133.783
133.803
133.264
129.088
116.758
131.742
134.132
133.907
133.397
133.255
119.304
133.746
133.73
124.197
134.326
116.287
133.441
133.232
122.15
133.468
108.906
112.257
129.43
133.078
132.821
133.753
133.122
133.602
133.455
126.452
126.748
120.038
133.935
116.937
133.606
133.582
133.098
116.113
111.308
110.301
133.465
109.56
134.643
133.376
133.961
133.699
133.828
110.961
132.608
131.858
132.629
134.073
112.656
133.935
133.359
119.281
129.499
133.662
133.968
133.782
130.218
134.983
132.637
134.345
134.428
133.001
111.899
133.631
114.738
131.703
116.596
133.044
135.278
109.118
133.307
109.878
133.484
133.821
134.512
111.93
133.501
133.741
134.415
134.738
133.666
133.559
133.225
133.587
133.152
134.007
133.255
133.555
134.192
115.383
133.579
133.241
133.587
131.702
134.31
109.254
133.812
133.411
133.179
133.707
114.726
132.807
132.846
134.083
133.587
124.063
110.131
112.666
133.786
133.12
122.433
134.34
133.736
128.047
134.548
134.116
133.414
133.848
131.776
134.299
133.36
134.491
116.425
108.199
133.216
133.055
133.115
116.192
133.581
113.146
133.775
134.61
134.523
133.82
133.243
134.314
109.187
134.102
133.634
133.335
124.624
133.926
109.915
133.265
120.896
123.132
110.913
133.883
115.872
109.894
133.015
133.293
133.642
133.446
128.692
134.922
126.002
133.423
133.3
127.527
133.501
111.238
133.871
131.901
114.535
133.783
133.914
118.304
114.802
133.815
129.215
133.891
133.23
114.753
115.336
134.019
133.219
134.02
124.682
134.582
112.03
134.83
133.522
129.448
133.846
134.621
133.371
133.924
129.427
133.771
133.58
134.445
133.704
134.175
120.625
135.088
115.92
133.138
132.954
121.065
133.594
133.452
131.21
132.548
133.228
134.456
133.701
21.53
111.496
133.119
132.132
133.932
133.693
109.875
112.958
134.359
133.34
134.821
133.376
114.959
134.106
133.209
133.803
130.581
133.949
112.439
132.916
133.504
133.513
129.62
133.357
133.274
132.106
133.521
133.478
130.099
120.635
132.532
132.91
131.67
133.153
133.571
133.181
133.392
28.0859
127.036
133.769
134.151
133.342
133.804
133.672
133.836
117.699
133.467
134.393
120.097
121.376
116.377
115.405
133.779
113.875
127.226
111.433
119.642
128.184
119.351
134.087
133.625
133.798
21.9767
132.878
133.152
113.61
132.927
134.447
134.024
132.944
124.613
133.397
126.014
133.858
133.709
132.997
133.108
132.767
134.178
132.99
133.641
125.209
133.3
133.423
132.95
133.363
118.824
133.31
133.438
133.456
133.226
132.693
133.523
128.039
107.651
133.487
113.536
133.64
122.074
118.644
133.412
133.342
133.935
134.491
133.622
134.631
115.934
119.439
133.652
133.562
134.453
132.132
133.002
134.444
133.665
132.391
133.859
110.859
110.384
125.299
133.852
111.679
110.264
128.144
133.508
132.736
133.584
134.056
121.316
115.134
134.173
113.485
133.155
122.562
126.289
133.824
127.223
124.284
134.44
118.424
133.397
110.731
133.922
133.568
133.109
129.409
134.105
133.696
130.475
130.245
132.783
119.572
133.431
124.996
133.54
133.601
133.613
133.861
125.175
122.736
109.45
133.168
114.384
112.329
132.32
131.888
132.921
132.94
133.82
116.428
132.527
130.967
134.274
133.756
120.55
133.585
123.404
133.635
134.184
133.764
133.252
120.186
133.507
85.9992
133.511
131.092
131.402
119.312
133.455
120.103
118.588
110.442
130.278
113.527
133.296
114.267
114.687
133.414
133.179
118.163
122.598
131.802
132.842
134.343
133.726
109.092
112.53
133.634
128.326
133.368
133.786
133.199
112.725
133.308
134.281
113.834
112.905
133.382
118.157
133.251
133.909
108.614
133.009
133.707
132.901
133.559
126.516
133.673
133.992
117.347
133.381
133.755
133.302
131.597
133.628
113.477
133.162
133.847
133.916
134.348
128.166
133.343
133.343
133.392
131.178
114.787
116.523
131.826
133.267
115.313
133.685
132.883
125.178
114.303
132.473
132.816
115.019
133.308
131.857
133.8
111.794
133.286
133.42
110.901
127.144
133.983
133.052
133.629
133.59
133.624
133.075
28.0462
133.618
119.896
126.219
112.739
134.885
130.012
133.51
132.122
134.137
133.419
127.875
133.265
113.195
133.582
134.438
133.716
133.27
133.715
133.603
133.4
123.947
132.811
120.206
133.303
134.24
133.767
