36.9819
36.3982
38.1205
35.7705
36.1647
35.5164
36.6779
37.6
34.7999
35.7713
35.7999
33.2946
36.3666
36.0798
36.7661
35.4969
35.3443
34.2513
38.0951
33.9755
34.8857
36.1265
34.8946
36.8385
35.3109
34.7684
38.9966
35.557
34.7997
34.548
35.2906
14.4659
37.1573
33.6339
35.6778
34.8124
38.2651
37.6987
35.4704
35.1034
34.8993
36.6715
38.0961
36.294
37.1068
36.5053
33.7747
39.9277
36.6582
34.4111
36.7117
34.0171
36.4154
34.684
35.1549
33.9468
34.6024
33.4197
33.5531
40.0675
36.6823
35.3826
35.3477
34.1479
34.8126
34.8456
36.2664
39.0316
36.6411
35.8362
36.8038
35.8675
34.9478
37.1032
33.8868
35.1131
36.2935
35.6977
35.3668
36.9836
36.6865
34.4332
34.8847
38.1052
35.7234
34.8343
40.155
37.3416
36.338
34.5989
36.2252
35.2448
38.625
37.0801
39.6236
35.7964
34.6115
35.1093
40.4136
37.191
35.8229
38.8787
37.4667
36.632
35.6894
36.2232
35.8492
36.6414
39.8486
33.2354
37.5236
33.2769
35.6632
35.0089
38.2057
34.9699
35.2485
38.2122
36.8272
35.7899
34.8991
38.5349
35.5013
34.8818
37.4583
34.3547
36.1677
35.8818
35.3452
35.8975
34.7041
37.2017
35.9691
34.61
37.5004
34.7314
36.9234
36.0485
36.1016
37.1932
36.784
38.3006
37.6596
36.1757
33.2668
37.6416
33.9952
36.5933
35.1028
36.5848
36.7869
33.9033
36.2506
34.0414
35.6026
39.7269
37.5958
36.6567
32.3132
37.0739
38.4274
36.3531
36.401
37
37.0803
38.6449
36.0203
37.6951
37.3324
36.9275
37.1216
35.1797
37.6818
35.9107
35.4141
35.8527
36.2097
36.5761
36.4493
32.7854
37.3732
37.1927
35.334
37.2109
32.3262
35.5374
35.7516
37.5106
36.383
36.6304
37.5765
36.8584
35.763
39.0619
33.5196
35.3483
36.5676
35.409
38.0037
34.9841
36.3491
35.6855
35.6424
38.0516
39.0907
38.9418
35.7259
35.7178
35.8019
36.0033
37.8251
35.8884
35.9242
38.1532
37.5892
37.4211
33.3478
38.3572
36.8699
35.1165
36.4315
34.4321
37.1692
37.407
41.4602
36.2261
37.3434
40.9641
34.4675
35.0497
37.5988
33.9587
36.07
36.8662
37.58
35.0956
36.883
36.1107
34.7278
39.284
36.2245
34.7865
34.1718
33.5454
35.1273
36.2945
35.1253
35.7569
37.4421
36.7031
40.6634
36.1755
37.4842
37.8279
37.4709
35.6281
37.877
36.3643
36.2911
36.4701
37.6368
38.6771
36.0269
33.8805
41.7955
39.1577
36.5005
34.1588
36.6734
34.8217
36.6769
35.6722
35.6937
36.706
35.5312
34.0243
42.1845
34.5871
36.718
36.7782
37.5504
34.7598
37.44
14.3382
34.7971
33.2251
35.3293
39.1403
37.7581
36.7931
36.1197
35.5848
37.3042
35.5347
37.695
34.7687
36.0494
35.8065
35.6934
39.548
37.3842
40.4742
35.1913
36.7033
40.9517
35.7515
37.3676
35.9534
41.5336
35.8804
35.6551
35.6083
36.5534
37.0509
34.0652
38.1616
14.3356
36.9326
35.5984
37.3197
36.4038
35.6332
35.7827
35.6454
35.182
40.0412
35.0997
35.0582
34.7099
36.6843
38.6078
37.2545
13.9266
34.5405
38.0324
34.6311
38.0125
35.1565
36.6131
35.6958
37.4937
34.8771
34.2655
36.479
36.596
41.3738
33.8428
33.69
38.343
34.9383
33.4707
33.9087
33.4945
37.0021
34.9433
34.3131
36.944
36.2734
35.4545
36.7062
36.5033
36.2201
37.2323
37.4971
35.4186
34.1294
36.0596
33.7906
39.1961
36.5887
36.7018
40.3904
41.2429
35.3257
37.3514
35.8375
37.0065
34.365
32.9347
34.3264
36.6042
41.9864
43.2825
38.1265
38.3553
32.929
36.2573
36.2366
34.3449
39.1288
34.7949
33.9898
36.8533
40.576
36.7955
37.64
35.5935
35.5839
41.2429
36.4194
37.1904
13.7325
37.7765
37.0012
36.7171
40.913
37.5345
36.3116
36.9824
37.0977
34.2614
32.921
36.439
36.0482
35.9675
37.1435
38.4506
35.1339
41.4345
40.1871
34.9432
33.9853
36.3613
36.0773
36.3919
35.8293
37.3192
35.9691
34.7834
34.0158
38.581
34.105
37.1185
33.4243
35.0241
34.835
34.6816
34.5734
36.153
34.6721
33.1645
38.529
34.2601
36.3765
34.8566
34.3897
35.4991
34.9314
35.8901
33.605
35.5398
13.7108
35.2182
13.752
38.2839
37.0731
35.278
35.7073
34.3858
34.7755
34.9151
33.2223
34.6682
35.7793
36.3544
35.7322
35.4712
36.3237
36.44
35.0488
35.4064
37.1271
34.747
32.5928
35.4918
33.2295
36.4151
34.5165
34.5554
38.9949
36.9771
37.8774
37.3795
33.6301
36.2109
38.0791
34.8382
35.4068
34.1131
36.2514
14.5151
33.3228
36.2291
37.2363
35.9271
36.3255
37.9918
36.3156
35.3644
35.2743
36.0598
35.267
37.0561
36.0531
35.7537
35.1921
36.9406
38.2931
35.9576
36.2688
37.7099
36.1633
37.9523
33.6702
35.8445
34.0573
35.4415
34.7453
34.064
36.5015
37.8045
35.8929
35.1023
38.1743
34.1234
35.591
36.2697
35.8428
37.3375
35.075
34.8868
34.629
34.9918
35.7454
35.9533
35.2956
37.1349
37.0482
33.6157
36.4441
37.7092
36.6754
36.8175
34.4274
35.6008
37.6763
36.0619
39.1539
36.0861
36.025
34.8265
38.1944
35.9324
36.0767
14.062
40.8428
35.7739
36.7716
39.152
37.1199
36.267
36.1412
35.3841
35.6869
38.8252
34.2363
35.6214
33.1932
35.7322
34.3127
36.6809
36.7892
35.5166
34.9458
34.8946
35.4717
35.9297
35.1528
36.735
37.0984
35.7924
35.2203
35.0358
33.7031
36.2256
33.7652
36.7657
37.2122
33.3762
37.9167
38.4154
37.5023
35.3532
13.8926
35.276
35.0209
35.334
34.9796
37.3727
35.9195
36.1257
36.5432
39.7087
30.4319
35.4803
38.0259
36.3359
35.4247
36.0269
36.9559
34.153
37.7809
34.7157
37.7952
35.6792
34.5347
35.3188
36.7399
36.0549
33.7351
35.8863
34.7251
35.783
36.0042
36.085
37.4108
35.4415
39.8385
35.9989
37.6673
37.3458
35.0211
35.0393
35.7237
35.3485
36.5455
34.4999
36.6986
36.1495
37.9721
35.6119
35.3298
37.4484
35.7931
33.6031
35.5987
36.3436
35.6818
36.6423
36.839
14.3015
34.9304
13.9418
36.9725
36.4136
34.7151
37.0848
35.6829
37.053
37.1773
34.6436
35.4398
36.4864
38.1667
37.3082
36.542
35.8129
35.5297
35.9195
34.3873
36.6379
36.5599
36.0373
35.7382
37.646
36.188
13.8306
35.6616
37.3436
32.9511
34.8447
38.2942
36.3957
36.8504
33.1862
34.5898
34.9247
35.7462
36.9788
41.4905
38.5202
36.8258
37.0245
13.8817
38.7439
35.4931
33.5212
35.7596
35.2147
34.2915
35.9609
36.1161
37.6694
34.5098
36.4463
34.9521
36.401
35.6524
35.9413
35.7103
35.5372
35.2536
35.9779
34.7924
36.5425
39.6251
33.2298
35.3259
36.8696
35.7239
36.362
37.3851
37.5541
32.4857
34.834
36.4111
36.7913
34.5325
33.4464
36.092
35.2134
37.6094
35.926
14.0632
34.8561
33.0919
34.0743
33.7055
36.4498
34.8595
14.1608
38.9776
36.3883
35.3468
35.6413
34.1923
33.6553
38.4554
34.3536
36.2386
35.8441
35.5151
37.2076
35.8814
39.9884
35.7831
35.0817
35.2043
38.3131
34.8139
35.8929
35.0143
36.2394
36.8458
34.0523
36.2161
40.1369
36.089
35.4599
33.7147
34.7729
35.5095
37.8939
33.3028
41.3927
37.2233
36.0253
34.2344
33.0366
41.4254
36.6587
36.1909
34.7841
34.628
35.4059
35.5496
37.6563
38.2973
34.8209
35.8881
39.3972
36.167
33.157
33.7981
36.2774
36.222
35.623
35.1577
37.1525
35.4494
35.4453
34.6428
32.9565
37.1986
35.1084
41.1701
34.7218
38.5327
35.729
33.9179
34.9829
36.3349
35.9029
35.6297
39.0471
36.4824
39.0892
34.1178
35.7341
31.1111
34.3852
35.0648
33.4403
34.6461
33.9903
32.5708
38.7404
37.0624
35.1939
35.326
35.2265
35.8991
35.0697
35.7622
35.932
37.0084
36.6334
34.8576
36.2835
34.5892
38.5499
36.7217
36.4521
36.5766
34.3033
36.2939
31.5657
37.5094
38.4799
32.1334
33.9453
37.8383
33.7425
34.7051
34.0549
32.9804
34.4308
35.2248
34.0938
36.5265
36.9116
37.2771
35.5924
34.0997
35.5824
37.5352
35.9533
34.5959
38.4578
34.7121
34.4476
37.4213
36.1682
35.3898
36.6425
36.4849
33.9328
33.8176
36.8234
41.1112
39.4184
35.1733
37.456
38.2885
34.8071
35.8152
34.5186
35.4838
38.0017
33.5587
33.6315
34.445
35.0315
36.6362
37.1161
34.7281
36.2416
14.0656
13.6032
34.8441
37.6579
36.4118
36.98
37.6336
34.7234
35.1656
36.3914
37.2076
35.0456
32.7101
33.9732
35.3288
36.1388
35.4895
36.2179
40.4803
36.1022
34.7391
38.9448
33.0282
35.9234
38.5992
36.1543
35.2962
36.7121
38.1319
33.346
13.8332
34.5735
35.8818
37.1111
35.8333
33.3618
38.1465
35.3229
41.2746
36.213
36.3436
37.5661
35.2136
39.2359
37.2013
35.6062
39.4857
33.4427
34.897
35.187
40.3281
35.0327
35.8852
37.5604
37.4558
36.9259
34.14
35.2161
38.7651
38.8738
40.7795
35.4882
37.5882
35.2362
36.7586
34.9159
38.8819
36.1001
35.9431
36.6041
38.5817
37.3054
36.9257
38.1805
36.0658
38.1107
34.0158
36.2513
37.1273
37.0666
36.2047
34.2185
36.0381
38.4266
36.4116
38.206
34.2451
36.055
36.3405
36.1786
36.9732
35.3022
36.1469
35.6008
32.275
35.8083
34.0681
35.568
14.1706
33.269
34.6287
34.9142
36.0386
